32428
55297
73718
95430
145453
211739
214419
288774
306564
393321
463773
391471
291012
306105
331845
355452
367664
410006
430687
507270
488596
477215
522801
503792
545342
552891
564660
599712
656734
621615
960554
957377
828180
905888
803129
730910
840522
1051311
944544
969907
1052750
988476
862330
844263
931222
1035895
873220
874678
957867
935288
957670
1123586
1291840
1025862
939228
990406
1143810
1014870
1167700
1156115
1158726
1192985
1082266
1206489
1296349
1158178
1877992
1450657
1328948
1207195
1323227
1186638
1261637
1182483
1182035
1152541
1119238
1230628
1397143
1196375
1210746
1253312
1222519
1153161
1243133
1577652
1263899
1622333
1231362
1221682
1440344
1508421
1416056
1238887
1215023
1454254
1298252
1151399
1297054
1428850
