3644
2986
2872
2958
2591
2731
2368
2328
2612
2698
2554
2550
2772
2294
2573
2111
2742
2861
2429
3100
2757
2732
2718
2677
2429
2174
2793
2695
2805
3072
2378
2731
2728
2995
2611
2590
2722
2823
2644
2848
2452
2620
2837
2791
2826
2927
2701
2581
2478
2318
2721
2690
2829
2661
2784
2528
2632
2566
2649
2689
2544
2149
2368
2819
2683
2533
2920
3035
2479
2946
3516
2799
2973
2525
2638
2799
2964
2754
2763
2389
5725
3003
3206
3634
2910
2482
2582
2663
2389
2554
2592
2506
6023
4644
3138
3538
2438
3561
2404
2895
