1189
393
397
394
393
411
454
12139
388
397
45212
385
31681
72253
41549
94740
53558
396
436
390
81985
179792
382
105802
229118
373
272485
145854
169658
214084
736205
376066
375
379
224739
536013
529
317776
388
662133
309387
383
1018981
711830
393
780156
362
383
385
457
954213
396
540269
381
567064
390
435
1247316
1280990
1323846
682754
808435
436
760397
778311
820589
824426
390
1915548
382
3012841
1923745
372
2027914
423
1061846
1087332
384
1153152
2494030
1329254
1307149
2678739
388
1486100
375
1387003
1609167
1587102
1666557
1714203
1650160
373
1772396
3611031
5548801
380
1825448
376
434
