466
799
1154
1677
1815
2161
2570
2853
3165
3532
3848
4203
4559
4896
5616
5610
5882
6263
6641
6907
7258
7587
7929
8268
8638
8954
9313
9947
9972
17564
21365
22270
22133
22836
21571
18171
15656
14871
15061
14104
14760
14559
14705
15133
15680
15784
17245
30747
32740
29490
22904
19664
18472
18505
18819
19160
19553
19849
20199
24626
40836
39057
31927
26582
22589
25526
23330
23200
23618
23895
25068
24646
24910
25264
25649
25918
30777
32754
34795
38255
37536
57441
82916
44362
29278
40591
44321
49462
47591
39573
42359
37453
31835
32204
32731
32793
33097
33443
33792
34534
