850
1000
1250
1650
2000
2300
2700
2950
3300
3650
4000
4350
4700
5050
5350
5700
6100
6350
6700
7100
7400
7800
8100
8400
8750
9100
9650
9750
10100
10500
11650
11750
11500
11950
12450
13200
13650
13150
13600
13850
14400
14600
14850
15200
15650
15900
16300
16550
16900
17250
17600
18000
18300
18600
18950
19300
19600
19950
20350
20850
21200
22150
21700
22000
22400
22700
23200
23600
23700
24100
24550
24700
25100
25400
25750
26100
26500
26800
27100
27500
27850
28950
28550
28850
29100
29550
29800
30200
30550
30850
31200
31550
31900
32200
32550
32950
33250
34400
34000
34300
