66193
93365
92047
114322
126811
163046
178264
238419
324442
375269
399720
293517
315443
338907
363706
386241
410807
437264
462204
483141
511882
533455
555366
588900
795132
718648
655318
868514
813517
761360
947351
882786
965988
825582
868299
894820
937240
961600
1206943
996206
1017186
1046814
1063783
1093637
1120529
1139613
1171103
1333426
1211768
1242140
1268545
1294762
1319873
1344217
1539875
1407872
1728461
1478956
1612691
1775499
2321585
1860083
1902013
1737444
1628151
1649755
1960602
1771664
1725259
1752496
1771908
1807039
1948018
1999441
1872965
2059374
1931313
2319571
2151533
2628081
2583958
2800644
3020792
2270209
2463126
2424059
2478065
2275726
2265519
2414139
2412451
2351642
2632302
2883167
2728355
2435176
2459390
2481359
2511914
2864252
