21111
41095
61220
79648
100184
121332
145814
159957
175700
196673
218812
249912
261764
273701
299827
308018
323775
344761
361059
423242
468026
462825
430353
444106
473296
496021
508126
468106
480137
510473
549965
558799
566671
586431
665662
652772
669012
721072
779127
809997
657514
661389
693252
718324
715704
701149
741027
754841
786690
768259
819542
823724
861294
1001834
939059
954942
1054511
874188
981511
918563
948014
945942
1046918
994523
935590
1037848
977816
1548287
1045006
969560
992327
1204805
966491
1029619
938151
1035200
982453
1054124
1204644
1043365
935100
1041772
1105580
1007258
966437
1063473
962852
1053238
976390
1054287
1054053
1078107
1111207
1064181
990565
1028470
1034665
1006117
1066051
1013066
