9252
2493
2181
2577
2508
2386
2859
2388
2764
2857
2552
2819
2765
3019
2509
2907
2155
2430
2521
2752
2446
2895
2716
2725
2838
2728
2405
2502
2520
2388
2807
2677
2559
2527
2822
2340
2713
3082
2499
2459
2722
2397
2918
2511
2705
2390
2973
2405
2877
2735
3047
2536
2497
2361
3080
2816
2401
3042
2791
2678
2145
2699
2679
3168
2353
2198
2841
2494
3183
2374
2528
2648
2502
2483
2471
2694
2646
2641
2524
2875
2663
2496
2384
3071
2596
2757
2332
2569
2537
3082
2407
3000
2717
2286
2508
2543
2668
2259
2281
2644
