2241
2984
2760
2890
2236
2877
2525
2401
2586
2496
2820
3279
2751
2446
2329
2500
2946
2563
2745
3218
2875
3497
3167
3967
2452
3661
2575
2515
2844
2775
3232
3473
3815
3619
2721
2476
2891
2916
2707
2298
2731
4036
4077
2756
2616
2472
2560
2550
3036
2357
2488
2477
2311
2390
2304
3365
2090
2930
2670
2592
2831
2312
2690
2894
3655
2208
3181
2540
2739
2341
2934
2528
3075
2640
2369
2417
2481
2349
2596
2553
2609
2687
3007
2666
2573
3452
2727
2491
2632
2449
2477
2706
2606
2430
2377
2884
2890
3019
2529
3164
