2508
2504
2793
2869
2316
2648
2668
2611
2503
2855
2577
2579
2415
2458
2667
2553
2656
2518
2569
2956
2515
2698
2607
2708
2406
3044
2839
2566
2702
2699
2302
2253
2307
2540
2390
2696
2883
2541
2649
2644
2746
2412
2424
2834
2488
2842
2441
2570
2474
2416
3358
2757
2609
2210
2375
2617
2420
2521
2658
2731
2616
2361
2912
2707
2504
2422
2885
2533
2801
2588
2717
2585
2597
2721
2524
2882
2685
2303
2496
2467
3050
2745
2524
2495
2485
2604
2520
2632
3052
2603
2357
2297
2597
2427
2407
2648
2840
2655
2975
2709
