19400
19700
20000
20300
20900
21500
22000
21900
23600
22700
23600
23600
23900
24300
24700
25400
27900
26600
27100
27900
27300
28500
28900
28700
29300
30900
30700
31300
31100
32300
32900
33600
33000
34700
34700
35200
36500
35500
35800
36400
37300
37600
38800
38600
39000
39600
41000
40600
41200
41900
43300
43000
44500
45100
45100
46200
45700
47200
46800
47600
50200
48600
50400
49900
50300
53000
52900
53600
52900
53600
54700
54800
56300
56000
56600
57200
60600
58600
59300
60600
60400
61200
63200
64300
66200
66300
64500
66500
66700
67900
67200
68000
69100
71600
71800
72500
71600
74400
74800
74100
74800
77300
78900
79000
78500
85400
93800
96000
95400
95300
98600
99400
98600
94100
86900
85700
90000
90400
90100
89100
89800
90500
91300
94600
101600
97600
95300
98800
96300
97200
98200
101200
99700
102100
102400
102300
103300
104300
107100
105800
106800
107600
109500
111300
110200
111100
112100
115800
116600
115800
117300
118100
123100
120400
119500
120300
121000
122200
125600
124400
125700
127700
127700
129800
128700
129600
133300
134200
135800
133900
135700
135400
136600
141700
138500
141500
140300
141800
142800
145900
144800
145900
148100
151600
149000
150300
153300
152400
156700
157100
158000
158700
156900
163000
159800
162300
161900
162700
163800
165100
166400
169200
171700
169400
170700
172100
172800
175400
174700
176100
179800
182000
194300
186600
190400
229300
198100
226000
223700
227800
218900
224200
226500
221300
227800
222500
434600
271300
199800
215900
230500
252200
285400
211200
209000
211700
219400
410700
218700
223700
213100
295300
218200
217000
219700
219300
221200
221900
223800
224200
225700
227300
238000
230100
230900
239000
233800
240800
236400
240400
239300
308200
278700
262900
251600
285800
285100
281600
263900
254500
255600
257600
259900
258000
259700
259500
267000
277900
266100
266300
266000
272400
273200
275500
271200
273400
277600
324000
286700
278200
282100
287400
289100
285400
285900
292700
288300
294400
294900
293000
298200
301500
301300
298300
301500
308800
303500
306100
306200
307400
313000
343000
315100
318200
315600
316600
319700
319800
378700
365900
343200
325800
347300
328700
330100
333200
338100
334900
338900
342800
340200
350800
351900
370400
380000
456900
373000
364900
408300
464600
453500
413900
362400
367500
363300
1075600
416300
483300
376400
391700
376800
380200
391500
406100
381100
380500
390700
383600
390700
390400
492000
461800
753000
445200
410400
423300
404300
408700
402700
406900
429500
412400
409700
417100
413100
415300
415800
419200
419900
432900
424000
425100
427200
436300
431200
458900
439100
435700
443900
444800
441400
442900
443900
464200
453500
455900
451700
454100
524900
551300
493100
462500
471200
478100
475100
468500
473100
505700
475000
485500
481400
479400
481900
483000
487100
497100
489600
490100
495700
503200
497900
498300
503100
507800
521900
511000
509000
527800
511900
513400
516800
544300
534900
527400
530100
537700
532300
533400
533900
534100
535700
545300
542900
544100
542200
550200
562600
558500
552300
554500
558200
556400
572400
567000
564000
575400
567000
575800
572700
583000
568100
578100
582100
581600
694100
829100
650700
589800
618900
667500
655900
731500
741900
634200
609600
608500
1253400
1016700
664600
619800
618300
650600
624800
630200
628900
898500
856000
1373200
707800
658800
676500
743800
873500
807500
815100
788800
792000
828700
610800
667100
695000
733700
680500
742100
672900
726900
678000
805800
694800
785600
865300
793600
817300
764300
805700
713000
898800
777200
776400
726900
707800
714300
792800
720400
732700
716500
820400
722100
782300
773900
868000
908900
888500
784000
819400
739500
748700
750100
746900
748500
761500
754400
793400
765500
780100
1036100
866200
866500
874100
1003800
874900
798200
782200
789800
849800
788600
791800
791600
797300
796900
799500
800900
802700
807000
918800
963500
968400
970000
999000
1145200
847400
830400
847300
841500
852700
865600
837600
913800
848500
846100
973200
1012400
1020500
1024100
1020500
1023000
2754200
1039500
1030400
1033500
1040300
1038900
1134200
1122300
1088600
1124600
1052200
1052100
1057900
1056300
1546000
1100700
942600
914300
1053500
1075600
1076000
1083600
1172500
1044400
924300
936100
972300
938300
992600
938400
1140400
1096900
1111300
1114700
1936000
1405500
1132200
1122900
1097200
1105600
1103800
1105900
1025900
982200
1674600
1250600
1160800
1156000
1160100
1159600
1095300
1002000
999700
1065700
1004400
1007300
1008700
1015100
1014700
1297700
1049000
1047300
1025900
1107300
1042400
1036300
1043100
1050100
1043200
1051900
1067100
1060500
1074000
1067300
2137900
1120500
1096500
1305500
1284700
1285400
1295900
1302700
1306300
1311000
1315100
1369800
1464000
2114700
2240400
1117300
1107200
1114400
1702400
1169700
1645600
1450300
1952100
1752700
1670400
1564500
1692700
1457400
1511700
1356500
1468300
1591500
1470000
1391000
1815000
1676300
1693800
1593200
1582200
1640300
1516300
1590600
1423300
1431700
1753400
1336500
1196600
1198000
1196000
1213600
1201600
1215300
1206600
1270400
1223800
1216700
1244100
1306700
1486300
1240200
1241500
1294800
1245200
1240800
1244800
1250200
1250100
1255200
1255000
1045800
1276100
1653900
1542300
1529200
1509900
1632000
1632700
1350300
1460000
1290300
1324000
1376700
2077900
1553000
2146500
1686800
1527500
1605100
1637000
1564600
1531400
1602400
1928000
1731900
1562300
1663100
1643400
1579400
1562500
1362900
1369600
1363400
1462700
1735000
1632000
1576700
1583800
430700
1650300
1776500
1700000
2069500
8045600
1820300
2114800
1916800
1726300
1609700
2306500
1790000
2065000
2684900
2301600
1692800
1692400
1774700
2439000
1823800
2081800
1645400
3113700
2921800
1792300
1922600
2858300
3442600
1725400
2467200
2385100
2082300
3378600
2276000
2087300
2209900
2276500
1901500
2609000
2273500
2219200
2000700
1980900
2025700
2973500
2696700
2065200
2333000
1986300
1200300
2651300
2171300
3250000
2471700
2031600
2246300
2869500
1700900
1591200
1575100
1577700
1644200
1589400
1706400
1687100
1606500
1604100
1614600
1630900
1608800
1620200
1658500
1620300
1840500
1674500
1637100
1650600
1643200
1650600
1817700
2033600
1649100
1726600
1880300
1694700
1716500
1673200
1680000
1730300
1758600
1737500
1744200
2054300
1756000
1703200
1799500
1742500
1784000
1711400
1714000
1740900
1799200
2025100
2107700
3065300
1854700
1850300
1747100
1751200
1767900
2078900
1796800
1827500
1762200
454400
1770600
1773300
1785400
1824500
1852700
900400
1819800
1824400
1805900
2103500
1954400
1899900
1819300
1834200
2023400
1859000
2026000
2062700
1863200
1925500
1849600
1845400
1937600
2104400
1922700
1872800
1864300
1888900
1871000
1874600
1890900
2147600
1916800
2000300
1894500
1898700
1920200
1906900
1919100
1912200
2152900
595400
1963700
1948500
1933400
1933000
1948100
1952700
1945900
2250700
1979600
1981800
1966300
1963800
1969500
1976500
2014900
2233600
2134000
1993500
2002600
2051100
2010800
2004100
2257700
2910600
2051400
2143800
2033400
2044600
2073100
2077100
2157500
2218500
2533000
2406800
2130800
1081600
2074600
2168900
2167800
2255600
2087900
2081300
2086100
2108700
2219400
2101000
2791200
2249500
2329800
2213200
2115300
2173400
748200
2128400
2368900
2171200
2180800
2154000
2168800
2107700
2158200
2163500
2494900
2182800
2185500
494700
2369600
2184800
2189200
2200100
2511500
2494700
2788700
2429800
2255800
2216600
2218700
2489100
2315600
2265700
2234000
1263200
2251300
2263000
2376800
2491300
2368400
2273200
2267500
2273300
781600
2283700
3206800
2388000
2305100
2304200
2329500
2317000
2336500
2549400
2879600
2348800
2331600
2329400
2344700
2394300
2757200
2732100
2437000
500900
2369100
2382000
2373400
2978800
2521600
2390200
2383100
2390800
2396700
2412200
3349300
2805300
2433600
2410300
2415900
2604700
2637400
2457800
2437900
2471500
2440600
2550600
2450600
2983800
2477300
2464500
2476600
2528800
2477400
2672700
2493500
2492500
2495300
2504300
2528300
2517600
2713800
2528400
2519200
2557400
2582000
2529900
2906400
2605000
2554600
2548600
2593600
2558800
2669900
2771500
2646000
2755800
2742600
2593300
2641200
3428600
3105100
2931600
2609200
2611900
3075700
3151700
2762600
1113000
2633400
2665400
2640100
3083900
2747900
3138400
3146200
3142700
3396200
3052900
3168300
3027000
871000
2688700
2801000
3065100
2764600
2706300
3002000
2726800
3084300
3005200
4111400
1054000
3320800
3328000
3741700
3349700
3347900
3353000
3428700
3476900
2773000
2785100
2818900
2798300
3524600
2875400
2803200
2809400
2814700
3316700
3407900
2840200
2901800
2833200
3232800
3528100
2898900
2853400
2862300
2983100
2868000
3294300
2935800
1429000
2915700
3121000
946800
3753500
3098600
3199200
3650800
3573000
3554100
3412000
3107500
3579000
3009300
3734200
3456900
3342900
4104200
4320000
3183800
3225700
3353500
3467600
3078300
3414100
3693100
3584600
3595200
3909000
3415300
3511800
3019500
3026600
3651700
1107400
3616900
1581100
3615900
3610400
4359300
3622700
1732800
3619000
3146700
3389900
3149000
3091600
3121200
3120200
4370600
3145600
543200
3245100
3139000
3334300
3775900
3833200
3822500
3800700
3503300
3220600
3188100
3172900
3209600
3484900
3233700
3207900
3224400
3477300
4221200
3491600
3222300
3310200
3221800
3818500
3928000
1114400
4387300
4456500
5073000
4475200
4411900
5008000
4284900
4783000
5084500
4888800
5455200
5961900
4186800
3618500
3609000
3321300
4064200
5431000
1640700
4183300
6336600
4431000
3357400
2962100
3429200
5567300
4037200
4038900
4741700
1440600
1195300
3952300
4041700
3982900
4330600
4057300
4044800
4100600
4326500
4060800
4070200
3856900
4297200
4073500
4076600
3667400
3960300
3549700
3494400
3694200
3606500
3743400
3502900
3776800
3937900
4416600
4416500
3842300
3577000
3706300
3598600
3752200
4318400
4345300
4330700
4331500
3878100
3613400
3615800
3613200
3610900
3597600
3599400
1642600
3662700
3621500
3680700
4035000
4584800
4530100
4578800
4202800
3658700
3663900
3768500
4772500
4379900
5093000
3905700
3734300
3692800
3703700
3749600
4195400
4442200
4045500
3768100
4465400
4431800
4428900
4434900
4023500
3763000
3829600
4283000
4452100
4448800
4277800
3837400
3819900
3837200
3830300
3817700
3846600
3821500
4103000
3920400
3852100
3881300
3868800
3864600
3896500
3879100
4034700
4708500
4715100
4399800
3932600
3907100
3899900
3937200
4285400
3916600
4212800
4780100
4809600
4902700
4562400
4304700
3992100
4122100
5407600
5540800
4920300
6586300
4829100
4356100
4102600
4415400
4198300
4319200
4051000
4069000
4031900
4032700
4291700
4092900
4054100
4077800
4079300
4070900
4071500
4096100
4084900
4114600
4108600
4132200
4159500
1042000
4240600
4348300
4282200
4136300
4149400
4569000
4526300
4370200
4334500
4275700
4188900
4247200
4296300
4195800
4201400
4246200
4223200
4251100
4233200
4266800
4231000
4233700
4245500
4372100
4388500
4274000
4291400
4297100
4274300
4305500
4354100
4339500
4307100
4385500
4317900
4309800
4472400
4333800
4329600
4344900
4337800
4390600
4352100
4359100
4427200
4372600
4719400
5513800
9533100
6280300
6097300
5272500
6003300
5500000
5819100
4875500
5342600
5783000
5486800
5293600
6021600
5434100
5480000
4483100
4478500
4490100
4491700
4513400
4503200
4516200
4652200
4517500
4530900
4538800
4566300
4543300
4544000
5004600
4559400
4563900
4586200
4582200
4580800
4594100
4664300
4595000
4600800
4635300
4616500
4619700
4624000
4703000
4645400
4664900
1106700
4798100
4669700
4670600
4701300
4678200
4914400
5514600
4704200
4704600
4023400
4732000
4742900
4807300
4758900
4742100
4744700
5038500
4876900
4777600
4885100
4775600
4819900
4811100
4809500
4833600
4828900
4993700
1161100
4850200
4835100
4863800
4857800
4854700
4899100
4863200
4909400
4887500
4908000
1173400
4921400
4979200
4953900
4914900
4962900
4923200
4943800
4927300
5005500
4942500
4974300
4981900
4991700
4972500
5018700
4976300
4995700
5050700
5016900
5014600
5075900
5039800
5066800
5083100
5064100
5044300
5168600
5046300
5054300
5085800
5068400
5072200
5102000
5099300
5127100
5127100
5168400
5120400
5167200
5130600
5146100
3603200
5165800
5153200
5165000
1207200
1264600
5182500
4983300
5198700
5227300
5195200
5242900
5284700
5223600
5312500
5170200
1487200
5261600
5269800
5369100
6116000
5398100
5269900
2302900
5328500
5298000
5302700
5414700
5314500
5348900
5346500
3148100
5346100
5470200
5372200
5393900
5396800
5370900
5374600
5380800
5399600
5388900
1231300
5549700
5421200
5482200
2020700
5462300
5439900
5486600
5450100
5463300
5473100
5901800
5555600
5713100
5721800
5311500
5702200
5506300
5832700
5564400
5525200
6214900
5744000
5571900
5633200
5595600
5651800
5570800
5588400
5951800
6125400
724100
5597100
6561100
5647000
5698900
5693100
5633600
5685900
5674100
5662800
5734900
5665000
5722100
5674500
5710800
5876100
5704000
5955000
7856900
7740700
7540400
6839900
5773500
5768800
5754100
5800700
5815300
5772700
5851100
5791300
5840700
5801800
1803400
5806300
5867600
5830400
6028300
5827200
5840000
5867900
5853200
5858200
3871200
5909700
5882400
6166900
5933800
5938200
5924900
5932500
4223100
5927400
5931600
6009700
5949900
5997200
1251500
2431800
5991100
3934000
6021400
5992700
6075700
6037900
6031800
6037400
6025200
6040400
6044900
6041100
6097900
6066200
6061800
6078200
6077800
2470800
6107200
6093000
6136300
6125600
6132700
6151800
3980200
6166100
6162100
6167500
6190400
6214100
6212400
6192300
7574400
7212100
6236700
6242500
6205200
6219800
6218800
6241400
6240100
6241800
6244300
6275300
6267300
6286200
6269600
6279100
6722900
6332800
7362400
4428000
6385100
6336500
6460400
2125800
6359900
6394900
6432600
6439700
6563700
2219700
6479400
6535100
6421100
6514900
6540700
6417700
6561000
6440000
6458100
6460800
6449400
6537600
6528200
6480500
6522300
6519700
6513500
6523400
6607700
6518000
6575300
7472400
6543900
7594200
6948200
6639100
6559500
6598000
6579200
6591500
1662200
6612200
6605600
6631500
6621700
6649500
6632000
6652700
6643500
6658100
2620300
6674800
6693300
6700500
1929200
2190800
3502400
6744600
6736700
6764600
6769400
6750600
6792900
1762200
6763000
7739000
6775300
8261500
6875100
6823000
6807900
6824100
6821800
6834800
6856000
6842000
6866300
6850200
6903300
1388000
2612500
6879700
7133600
6932600
6971200
7000500
6931200
6918300
2221200
6994900
6964600
6992000
6953500
6986400
6996300
6979800
7101500
6991200
7076400
7942700
7459200
7044700
7061700
7058200
7087300
7064700
7082800
7099700
7129300
7151900
7118200
7139900
7131700
7666700
7149700
7249200
7169200
7601900
8691600
8693700
8004500
7271400
7392800
7981400
8863900
1728300
2423800
8200200
8562400
8126600
10890800
8871800
9927900
7932800
8085400
7390700
7308900
7331000
7299900
7296100
7332800
7307600
7327500
7331200
7342800
7337700
2704900
7417300
7369000
7379300
7388500
7417700
7393100
7412000
7404300
7523000
7427000
7438100
7467000
7502400
7448900
7463800
7582900
7482000
7496600
7486600
7584100
7520900
7509000
7527500
7537900
7535600
4756300
7548000
7588100
7567400
1456000
7600700
4372700
7599400
9314400
2788400
1855100
8545800
7624100
8203700
7640700
7872100
848100
7671900
1427100
7688200
7757600
7757900
7734800
7726400
1797500
2403100
7801300
7770500
7754200
7765700
1427800
8790100
7767300
8664400
7808700
7790600
8093700
8543900
8169000
8344200
7855900
7839500
2788300
8432500
7875100
7993600
7889400
1441700
7901100
7910300
8011100
7926000
7922700
7938300
7938500
7976200
1825000
7964600
8015900
8013900
8194500
8015300
8073600
8021600
8067900
8037800
8040700
3824100
8059600
8056500
8108100
8070100
8099100
8091800
8101900
8095700
8138700
8112100
8145800
8133400
8149400
8266900
9149100
8952800
8223400
8321400
8186500
8346500
8210000
8477100
8308000
8255500
8297300
8283600
9088400
9417600
8535700
8270100
8703100
8552400
8293000
2870500
8341700
8317300
8358300
8348200
8488100
8352500
8411200
8523700
2435000
8378300
8404500
8416600
8468400
8408100
2520400
8435600
8434200
8446800
8450500
1492000
8478200
8500800
892700
8512900
8527400
8599600
8607200
8611000
8556400
8545800
8542900
8560700
8574000
8573300
8581400
8586900
8593500
8607300
8632100
8615700
8628700
8631000
8650700
8694700
8653900
8743900
8692300
9634200
9012400
9377300
8756100
8737800
8731100
8727700
8786300
8783000
8800500
1518500
8809600
8797900
8858800
8820800
8855000
8819200
8815400
8848800
8857500
2500400
8887000
8900600
8900600
9517800
8922500
8985100
8922500
9014800
8991000
2003300
8971900
8947400
8995600
9933800
9018100
8986400
12159900
9007500
8989200
9222100
9015800
9036100
9084800
9094300
9117000
9080100
9128100
9105700
9127200
9164800
9106000
9249900
9152100
9181100
9160300
9128500
9154500
9144500
9195400
9626000
9687100
9255900
9384800
9631400
9488000
9232400
9534200
9227400
1656100
9684600
9390000
9259100
3175700
9335500
3063300
9345900
9385700
9453400
9317000
9327300
9354200
9389500
9355400
9368200
9375400
9384100
9399500
9393200
9405900
9406500
11800200
9653800
9436300
9460800
9465100
9461400
9539500
9476600
9587700
9545300
9519900
9618700
9547400
9819500
9539400
6980400
9627400
3080200
9605100
9602300
9593400
9593400
7112000
9636200
9620100
9681900
9690500
10595200
9678000
9678700
9679400
10350900
12053300
10734600
13067300
12566700
12178600
12071900
13165200
10202300
9869200
9772300
9807100
9777000
9900800
9856900
9838600
9870400
9946700
9899700
9933100
9896000
9878700
2342700
9925800
9912700
9887000
9914800
1664000
9916500
9921800
10124300
9990700
9948500
10119700
4295800
10073700
10028000
9987600
10050100
10013500
10027300
10039500
5027500
10048700
10065100
10093100
1629000
10155200
2175100
10154400
10139000
10159300
10189600
10144300
10167200
10861200
11782000
10336200
10242100
10197000
10586600
10282600
1718100
12187000
12277400
11031500
10997600
10579300
11020000
10335400
10295200
4692800
10364000
10710500
12219900
12151200
11307300
12057200
10446600
10459600
10379000
10398100
10597500
1941900
2006600
12281400
2004300
1154600
11197400
12823900
990900
10755800
10592700
10547600
10538300
10579200
10566100
4371400
10918000
13250500
3219700
10601400
12604900
2263400
11697400
11833900
10635500
10637300
1722200
10691000
5207000
11706900
11922300
10649500
10691400
2434400
10974800
14349100
5842900
15336400
11319600
11694800
11413100
10770500
11878800
11974400
12899900
12712500
12689900
12354000
10889300
10841900
12664400
11385100
10951900
10870800
12245600
1747000
11058700
11008400
12630800
13278900
3403000
10979200
12228900
11875400
12428400
11362800
12109000
13909900
11070600
11011400
11005300
11024400
11051400
11846400
11038200
11114200
11558100
11109200
11248700
5287000
11133200
11125700
11148000
11114200
11186100
12051300
12906600
11195900
13037700
11874400
12323000
11830200
2245100
11248500
11262400
12346900
8836900
14676700
12614900
11573400
11627300
2197800
13537900
12191200
12921900
13047500
17312000
2728400
16148600
12395000
11436800
11499300
11531000
11381300
1033300
11922900
11613200
11553100
1746500
9658100
1768600
11493100
11547500
12023100
11623400
11531700
7684600
11600400
11568100
11609200
12130300
11577200
11628200
11628200
11621200
11638500
11628300
11730500
11723500
11630300
11654700
11734100
4605700
5473900
11697500
11729000
11902100
11767300
11770500
11771600
11788700
5531500
11799800
11809500
7765500
11801700
11846300
11938200
11842900
11869400
12124200
12482300
11857800
1852500
11906600
11901100
12994900
11926300
12030000
11917000
11946200
12184600
12026300
11967600
11975100
12043500
12076600
5981000
11979100
12007100
11999400
4689000
12045700
12073600
12055500
12079600
12066700
12076100
12087000
12117700
12115100
12112100
12137400
12251300
12193400
12191100
12169500
12204900
12178100
12246200
12256000
12201800
12226200
12235900
12428000
12341900
5695100
12270900
12296600
12279500
12299800
13508300
12886400
12562900
12390400
12407600
12818800
12437800
4739400
12763400
12423800
12402800
12404200
12412800
12436500
12443100
12446700
2370800
12595600
12467000
12511900
12493400
12574000
12566800
12530100
12573000
12574800
12622400
12594100
12631100
12621700
12590600
12656700
12663200
12662000
12664600
12740300
12705600
12807600
3544300
12821300
12993100
12763800
12779800
12786500
1090600
12755800
12857100
12820100
12762100
12836000
12858400
12837500
12850500
12833600
12836700
3013600
12890000
12924200
12901300
12883000
13009700
12887000
12902100
2677400
12965100
12971300
12935100
12958900
13008100
13020500
13039200
5728700
13005400
13084800
13040000
1851000
13083000
1108400
13117900
13136500
13082200
13102700
13094100
13120900
13197400
13139500
13145000
13166700
13148100
13171400
1862600
13184900
13263200
13271600
13246700
13288200
13324800
13252000
13307400
13357800
13441200
13276000
13302300
13317200
13307700
13323400
13335400
13393700
13348000
13366700
13406100
13414900
13380800
13419600
13418600
15903600
14098700
13865300
14067100
14529100
14251800
14257200
14238400
14412100
14298500
2044700
14288400
15111700
2596800
14266100
14300200
14346900
14426900
14410400
14359400
14380500
14464300
14404800
14414200
14370000
2893700
14439900
14430100
14482400
14543800
14436500
14430300
14444900
5891400
14461500
14468700
14487500
14533700
14512800
14725700
14571100
13893000
16388000
18789700
4637600
17203600
6533900
17668400
21884300
13990200
14031300
6446100
13979000
13958500
13958800
14058600
14010400
13987800
14054700
14005400
14025300
14035400
14047000
6692600
14071600
14176000
14119600
14195900
14095700
14122900
14186700
14199500
14140900
14226100
14157300
14181700
14183900
3754000
14194100
14222400
14236100
14291200
1996400
14275700
14365900
14267100
14292300
14301200
14456600
1159000
8586700
14357200
14341700
14364100
14459700
14382800
14431200
14455900
15302700
6560400
3843300
14545900
14440200
2552800
14485800
14505000
14503400
14488600
14534600
14522400
14555000
10886400
14563000
14577400
14565900
14683300
16092100
4123000
1962700
15768200
2026200
3307700
14738000
14672200
15017400
14777500
14753500
17475400
19592300
18406600
16876800
14843300
14861000
14803700
14829300
2868100
14950300
15956300
18047300
16386000
17147600
16360700
19718800
15785300
14890200
14919900
15034000
15008900
15366400
14961900
14980100
15062900
17437800
14965200
14990200
15168400
15082700
1990300
15162800
15125000
15135700
15425900
15071300
15130600
15143000
15122100
15263400
15272100
15215400
15250700
15163800
2061100
15198200
15196100
15200900
15251800
3970800
15406200
2825100
15262500
15263000
15273600
15284200
15412100
16495100
15930700
15335500
5285100
15403800
15363500
3308200
15381900
15494000
15447500
15412700
15424500
15444800
15438700
15476800
15511900
15711300
15489900
15529300
5311800
8922500
3317100
15633300
15590900
15639700
15572300
15654300
1208200
15599000
15616400
15727500
17298900
15656900
15723600
2094200
2099700
5336600
15703600
15742300
15835600
15736100
15827200
15768400
15898100
15907500
1215800
2106200
15867700
17037800
15930700
15960400
15866800
2233300
7002400
15899200
16302200
15955200
16006900
3999900
15953600
15963200
15986400
1223000
16131300
16104200
16078100
16308300
16046200
16042700
16131300
16090000
16089800
16093400
16095300
16089000
16129800
16133800
2995500
16159900
16150100
4033500
16164600
16191600
16220000
16213100
16257300
16297300
16259500
3394800
16271600
16344600
16288600
2704600
16353100
16313800
16362800
2715500
16359600
16384600
16452900
16650400
16432600
16484200
16432300
16440400
16494900
5472700
16506500
16478300
16483800
16497100
16531000
16551700
3422100
9203500
16568400
16555700
16604100
16608800
16605100
16608000
16662600
8839300
16649700
16669400
16670700
16683100
16701500
3041000
16777400
16791200
17039900
16777700
6497200
16818700
6613900
16832200
16868600
17154700
16815800
16823300
16818100
16860900
2104600
17609600
16904200
16967500
17053200
16904000
6222100
16978200
16960200
16958600
16990600
5573100
2181900
2180000
17006200
17034300
17045600
2187200
17097400
17117600
17083200
18824200
9662100
1297200
17360700
17592600
3485600
17213100
17199500
17382500
17235700
17399800
17256200
17241700
17290300
17247700
17256800
5609900
17308700
17319900
17400800
17394700
17342800
17410800
17376000
17354800
6817900
17390800
17398400
17459800
17421600
17423900
7287100
17475500
5634300
17565500
17512100
2863800
17531200
17573700
17533400
17553100
17556600
17616900
17605000
17747200
17649200
17691600
2152500
17638900
17712100
17661100
17873900
17767200
20696200
23083200
22206100
21863600
22195300
1288500
18640800
6702600
17994600
17796900
17833900
17809200
3549000
17839700
17912000
17853400
9162400
3658300
6899600
2170500
17920800
17924600
9348500
18070000
17969200
17959400
18069000
18288900
18111800
18037400
18104500
18063500
18272200
2181700
18195800
18189900
18701000
19494000
22111800
20685800
18244300
18382400
19955100
20708800
23987200
19620600
19034300
20518200
18367700
18274300
2287600
18540200
18279500
18327000
9694800
18320900
18480700
18369900
18375400
18371100
18368600
18399400
18517700
18978600
18984500
19678000
25335300
21665400
19557200
18501100
18491300
18509500
18520200
18694300
18563800
18586700
18633700
18644200
18945500
3566600
18726100
2210500
18624300
18695900
5838100
18669500
18752800
18856500
18863200
18793000
18762700
18797400
18832900
18810500
18796400
3230000
18814000
18880800
18875100
18889400
9429800
2229700
18867100
18940500
18940800
19110500
1512000
19734100
19048800
14224300
17156100
12431300
18991300
7537400
19007200
19031900
19038700
19060500
4358000
17172600
19256300
19221400
19149400
19253300
19137400
19141800
19184600
9892300
19964900
20618100
20790700
21971300
19943600
20927700
19338400
5944400
2336700
21958600
20236800
21791600
20757300
22988200
22244600
19952800
22053400
21773800
2331300
19715900
19592700
22283200
20446300
21021100
21158400
21203400
23015700
22119300
19780900
21983600
22402900
22303300
19776700
19605800
19612900
22917600
21779200
24457900
19699400
21801700
20099100
19683500
22184000
20200200
21242900
2422300
22853900
4448100
23143900
23746100
25435700
20389000
10196800
20552800
19940600
20247600
3374600
20692500
19907100
7183600
19927300
20129800
2308600
19995500
20005600
20000400
19968600
20260900
21881700
7341400
6033600
20200600
20070300
20030700
20121500
20257200
4461900
2371900
20144100
8021000
20270700
19211800
20357700
20176400
20176900
20272600
20227500
20318500
20291600
20238800
20247100
20247900
20320900
3787000
2384100
20334200
3057500
20331400
3024600
20373200
20397400
20380100
20486900
20427400
21422700
20499800
20671900
20481000
20471000
20637700
20618200
20540300
4509100
20576300
20641900
20565900
20711100
20603400
20602700
20606700
21374000
20692400
20670700
2404800
20666600
20662800
20771700
20704200
20379700
20769600
21697800
3409900
20943900
20897800
20820000
20809900
7374600
20992200
6153400
20934800
20925300
20878800
7378200
20994100
20965700
20975000
20929500
20971300
21079400
21019400
20989400
7325300
21033700
21089600
21152600
6199300
23426800
23161500
27120200
25466900
25781400
25860100
4165100
24962300
21840900
24376900
28587600
30025600
31246900
22141000
21501300
22827700
21331000
21326800
21348000
21333100
21375300
21379600
21365500
21351800
21379800
21410700
21382800
21446100
21534800
21459700
19769700
21459300
21732500
21754200
10078000
1418400
8179400
22434700
22649300
21987900
21672300
21569200
21584400
7524900
3467400
7509400
21646200
3119500
21706800
21673600
21735800
21810600
3917900
21795500
21761100
2467700
2468300
21788100
21834400
21940300
1442500
22890100
21856200
21872700
21867500
23336500
22145800
23697700
26732200
21994100
22021700
22017100
22011100
8100200
22013600
22427900
22014700
22037000
22102900
2423500
22179100
13470400
22160000
22222100
22125000
22216200
22139200
10733400
22177900
22296400
22212900
22412300
22271100
22256000
3514800
22364600
22304500
22930300
1442100
22527500
22342200
4711900
22437500
10251600
22371300
22390600
2428000
3984900
22480300
4711900
22586600
22464100
22713000
22675800
22526900
22532700
22533800
4024000
22553000
3074400
22696600
7549200
22673100
22799500
23205900
22707200
22700200
24223800
22943700
2542500
23147700
22802800
22731300
22810500
4060700
22818000
22819400
22890900
23295500
23550600
22890500
4753300
22877700
22921700
23063300
23043700
22987900
23471300
23126600
23014800
7610100
1471700
8663000
23031900
23147300
23046600
23117800
23049500
20510200
23102700
23116400
23128700
23206200
10977100
24098100
23144800
2472100
3239700
10880800
7812800
23220600
7658600
23263300
23455500
7791600
23352900
23301800
23361200
23433900
23410900
23370600
23441900
23408600
23452900
2560100
2481600
23434200
23503600
23465000
23489200
3615800
23497600
23584500
23553200
23629000
1485100
23576300
23595800
23664800
23653200
23678300
23615700
1490500
23710600
6564000
23783100
1488200
23815600
23767800
23825000
23765000
23803100
23784200
23818500
23827700
23838200
23851600
23847700
23880200
23863200
23927800
23912200
24022100
2508900
23968000
23937200
23975200
2513800
2507500
11085000
24021300
24033800
24243200
8050800
25041100
25352700
8692400
2613900
26393400
24869500
24157600
24178900
26453100
31044600
29087800
7824400
24591900
2573700
24359600
24356900
24323600
24352900
7979900
24337300
24413400
24336400
24378500
24484300
24453700
24652100
24819200
29809900
30690500
31731700
24865600
24564800
26437700
24584200
4927600
24616200
27212200
24813000
24650100
24664000
24724300
24619500
24685100
24649900
24667600
24811900
24786700
3216700
24742500
24746700
24794900
24739800
25031300
2628500
6785100
24998100
25052200
24859300
25166600
24950300
24936900
24996100
24948700
24960400
24944300
24932900
24975900
24960000
3229700
24975700
25188200
25138400
25045600
25043800
32121800
25448300
25100600
6779800
25115700
25144600
2570200
25297000
26141700
26092200
26186700
25191900
25291300
25355500
25311200
25323800
25273400
25334800
25511000
25385700
25348700
25401500
25430700
25387400
2583800
25542500
25472000
25524100
25455800
25454700
25541700
25494800
25516900
3790300
1545900
25519100
25557200
25571900
25634900
25644000
25624700
25812800
25839000
25647600
26129300
2678200
25735400
8184900
25788100
25741200
25760200
3856200
27894300
25961800
26405400
25868700
25873300
25847900
25902900
11492800
25909300
25962400
6907400
25987700
25941500
5144100
26080900
26223300
26395200
26062400
26062300
26264400
26130100
1561200
26089500
26096700
11556800
5085300
26177600
26231700
26223500
26218800
26186200
26208700
26255400
26212600
26266900
3436800
26256900
26414100
26569400
26878800
26373400
26340300
26426400
26509000
26553000
26440000
26481500
21932700
26490600
5123600
4463700
2636400
11712100
3846200
26515300
2725100
26547300
2651600
26608800
26702500
26646500
26611200
26670600
26814100
26706400
26680900
26752400
26737400
26710900
26808000
29456400
3856100
30741400
27699500
8244000
32084600
27150400
4473500
28657500
29506100
32134800
28874300
26934800
27109000
26965300
27206500
27021400
2665600
27013900
3878700
27256800
27071200
27218900
11283000
27093500
7015100
27090400
7133200
27217600
27151800
27159800
3495600
27287600
27231800
27253500
27226400
5197800
28173500
28332900
28688900
4441500
27868900
4527600
27371800
27411700
30598600
11505300
27674000
2682600
27805500
27472500
27612900
27627000
27955000
34611700
34535400
32983900
27727200
27540700
27674500
27602800
28146600
27768400
27962400
28043700
27705100
3925100
3931200
2699900
27720100
27747900
28158100
27825900
9149200
27767500
3942200
27920300
28039100
28336100
28919100
3470300
32475500
29917400
29800800
29497000
29767900
30873200
7725400
29366300
28503600
29355700
4595800
2809800
29187700
28446000
28834900
4099600
28721000
16490000
31913200
9709500
39361400
28706100
28863800
28955000
29192500
23039100
28919500
29306300
2929400
29194500
28943700
28665400
28828500
28586700
28699000
28551800
29467800
28474600
11584200
28608600
28497000
7361900
28596600
1637200
28662200
28798000
28868500
29110700
29444000
35140800
36179800
61238100
52487700
35551900
36536400
47123700
43603000
39325300
38805300
34375800
34949100
33219800
31599500
30052900
3703600
30067400
29396400
4584800
31375300
30069700
30632300
8250700
5978300
30438500
30174000
30137400
29178300
29604600
29360200
30842600
31471800
29505700
29540100
32067800
66143500
16244000
60524400
34936100
43442600
8723000
45076300
64063500
73448700
7035000
52414100
63089400
46633600
37131200
47538000
41977000
36474900
41318100
30460800
2778900
29974000
15625200
7362800
30213500
2878400
12580800
4062900
29806900
30788000
30363100
31427500
12394900
31127700
31245700
4806400
13202800
31530000
4086200
13238000
31036100
30770600
3538800
5051800
35716600
2840300
32388200
32508000
31916800
32343400
32628300
26218500
31726500
32926000
3868700
32815600
31495900
31082300
31423200
3708000
34853900
12163400
40199800
9498200
33081500
32119300
31562600
24721800
32090000
33971000
10187300
6109000
4190600
32189200
34027200
1845400
43943300
60228600
68657700
58278000
10491100
8977300
76717600
53983200
37760900
10353300
32137700
32183700
32024600
5478400
34336800
33862400
33963100
34717100
35892900
36809000
31847100
34851200
2008500
7740000
9416000
33940700
7842900
31615100
5038300
31972200
31771200
33720200
10979200
35240500
34795400
3015900
41503400
48735400
39087700
43682800
4044600
4031300
5848500
10765400
33833500
32057300
31278500
31111300
31235400
31541700
31245700
4163500
31317200
31694400
7619600
31955800
31772400
31850500
32334900
26560400
32004900
31675000
31568000
32300200
32504300
2963900
32022500
37588300
39377000
36507600
2979400
44999300
38140300
35810200
45626400
45397200
10879000
44276800
6127000
42178900
40473500
42522000
36021500
37503000
45191600
55824900
55630100
43475400
5359900
35678600
46233400
41737200
2028100
39767500
36657300
3328300
38142700
34855700
42568200
45167800
10389700
32080900
37583800
44430200
50465400
9616700
46659000
11576400
43575500
5718800
5662100
41533800
41291400
41958400
36762800
35877500
3155200
41919500
46796000
38743200
15507400
36036500
36753500
53304000
49248600
4504400
50274200
37064300
52842800
10240100
45008000
46434000
10819600
48590100
48068700
49898600
58246100
46929700
48224600
44651400
46220900
53569800
47544100
3180800
50381600
42769700
37979400
5802500
38474700
12579600
42945800
39190600
40337900
13197800
49010300
46424500
3682600
47760900
42936300
60366700
57035400
50953500
53980000
54676500
53221600
6473400
22014200
49744200
39529600
47014200
50304000
10990200
44559200
5906700
42092600
48573000
16857900
42993400
50684800
45795800
55522300
54616000
49213000
39120300
49381400
45453300
47054100
46870800
11057800
41246100
47283700
48137600
10354600
41898300
49335700
44330000
21046800
42231600
33491500
6172100
59808000
57702600
43216400
5647000
42950300
58942700
42898700
5596900
58176400
56476500
6222400
52814200
51083800
41011900
39257100
4212400
44800700
44175100
47370400
44157400
43824600
40196000
45846000
5260700
52622900
38764800
48738000
49819400
38216500
37814700
39497800
44168200
47050200
49560900
47319000
5231800
40108900
4487900
50077300
43314300
29509600
49815400
39308500
47500700
61058300
50727900
43461000
42213300
51529300
42544900
39840800
45856600
53427900
57486500
53697400
43070700
11752200
9070900
53626300
5123600
43271900
50592700
51834500
43176500
10825200
48885300
39805600
45529000
46945500
45452700
49283600
16022100
40353200
3731900
46292200
53193200
39211100
38867700
4423800
45870100
50161300
48374100
56385100
43841800
48246900
53095700
50733600
41968900
44159100
49343900
52664300
36677900
6661800
44632500
48837500
51195900
45639100
41295800
42615100
39352500
3721800
33235800
50618700
39983800
41031200
4858200
15842100
48166200
56311500
45609200
3261200
44310500
40788500
11078900
14826800
41381000
38748900
46526800
2430000
55913000
50144600
1908100
44227600
48971100
45104100
49116100
45198900
42635100
5937700
42794900
45516400
17939500
44557200
44764100
2189700
47413200
42542500
56819000
50087400
48297000
3747000
62671700
57717800
46077400
57249400
41350000
51704400
58352500
31352500
57114600
52378800
17849700
54384800
52278600
40838100
39953600
48628800
40931000
41690800
41665200
3444400
14909800
50630500
44980700
39692900
40497300
50610600
5622300
59613200
4682300
43073100
53149200
4848400
49356600
5835200
18402200
45719900
44407400
50039100
5311400
58090700
5736100
61508400
52611500
47954500
13793700
45462700
16404100
43750400
51874400
59325400
47860200
46234600
2939900
42656500
43098000
47614400
10909300
45745000
28655000
25485100
33560200
49766900
45903200
3967200
9390600
44426200
44700600
8136600
50741400
56160900
57417100
49010400
48936600
4082200
55655900
43865100
57589300
51169800
52718100
48867200
49632000
63911100
54190300
50176300
48173300
62196600
45375200
53909600
16925700
16458000
63654700
54656800
48030600
56273800
46614700
12247500
50829200
59220800
14189400
51192800
44372200
5578300
43592000
46610000
53358600
47888300
56479000
54382700
50710000
38303100
46272400
51405100
48084900
5461800
18701100
44876700
49816400
55523600
1996900
46692800
47994400
9843300
6381000
49481200
54856000
6806400
48495200
43897500
45177500
53830800
6771100
55364900
49425000
8533200
56337400
55821800
9725700
57204100
57827800
56078200
58805100
56777000
46270400
50767000
53540700
50565700
52856000
14159500
45046200
3803700
5880400
57630400
52877800
5156500
4814300
45262100
47445900
46939100
1935700
44975500
12080200
49152500
53368700
47897200
47394100
30559500
58897400
3521600
54213700
43873100
45854700
3569000
42977000
60223700
69543500
50223400
61670400
40096000
55684900
3763400
54557200
4188800
53204100
16198500
3951900
47671000
60235900
16445100
53795400
62090600
50511200
55070800
54027200
51620500
49359400
56909100
65863000
63192100
19917500
5336200
49377900
46385500
47118100
47256400
48966500
16730400
44987600
47452500
13760500
51667700
11373700
48485200
53615700
48153100
49234800
53374800
6510100
47961400
59110000
6190200
68167500
48552200
64734500
59440300
60416300
51833100
73118400
62232200
5435300
50371000
49476700
58148200
50984300
52023200
50702200
47868800
62532300
53721600
43971500
57723600
13130800
53514800
5855700
49993500
53703600
54782500
54324400
57235100
47885800
57501100
4352900
50243400
5128300
8322700
44140100
12063100
11042700
58174800
60060400
16909100
16056900
35795000
47710700
53893000
46270900
61919600
56935200
45356500
7258800
51145600
53768200
51429800
3353200
48185000
55793800
57458000
71538300
15119500
3880600
58917100
45586300
47764100
54488900
5796200
66618400
58047600
71646700
50509100
59643800
58559400
58263700
52427700
5488100
71099300
53458400
62417000
54581100
17543000
67698100
57363200
64423100
7441800
63869900
6873200
59169600
53920500
51044900
74777000
59440500
43010700
56704600
7143100
54173300
55758000
60266000
37955900
3944100
6263100
45816100
54724800
57128800
73596600
70822700
46962700
3823200
3037200
20890500
63909400
54850200
6148800
5674500
61486700
53312000
56359700
65710800
59047500
63114600
68950600
3889200
62007000
5951900
63749800
4838200
55677200
46788800
56346500
6792400
61019400
51444500
47527400
37955500
62354500
15901700
69390500
10528700
76532900
11563100
48856600
47166200
3988600
6226500
49749900
48023700
3533100
59831700
55799100
11663200
61829800
48063400
54115900
53072900
55695700
52713000
3684700
48743400
51820300
50938000
10742900
51073900
11849400
59250300
49327500
48713700
12447800
15072300
55665100
53192900
59174100
3768200
53386600
56899400
51129700
15761000
17013300
57502800
52817000
75512000
73966600
47356800
4751700
46381500
44839100
48475200
48608800
48352400
65143700
49907700
53480100
2336300
10689100
51863800
51289400
12663800
52693400
30900000
50942300
4210300
56394600
65994800
75522900
62078300
3850800
3966500
2383300
61039200
65701300
63107500
58139600
57594500
68322300
60585500
12702200
53299200
4200300
2297900
68104400
8305000
57563800
5027100
53058600
51123200
51928600
47396100
7051900
6667900
60508800
60425700
8577600
5795800
61399200
4682500
57790300
9164900
60454700
66126300
53721300
10321100
67346900
55557000
20463200
18834100
70852000
62696000
58509500
52198100
53448800
56924000
66694100
6170200
12052000
7374200
63995600
68130300
52515400
55544900
82941400
58407500
8470400
13160800
61929400
54926400
74158100
68251600
9796900
63748700
61096200
7866800
59567900
29938300
60325000
70472300
66627800
65685500
69656900
52057100
50513500
60032200
28854700
66996700
51292600
67207300
63190600
39749700
69661900
67006900
49724300
68225500
59088500
4427900
8424400
57927500
12327000
55005300
54421200
63578200
64940900
65429000
54184400
14859800
65570800
4965100
59596300
59772500
65840600
61270000
49977000
48665100
16697800
50581800
50272500
51196400
12613900
54622200
18951000
15667900
58822300
12609600
55529900
51200000
12121600
64960500
65578600
51557600
54795000
60585700
12101300
4178500
5970500
2381100
19157400
53752800
51040500
17823200
51569200
55599700
48578700
50979600
5603200
30039300
54963900
4116500
24318100
12196100
61821100
58405400
48580300
57094900
51632000
63283600
4212800
64046300
60822200
62610700
55468200
10858800
83556200
71531200
60646300
53108200
72205200
69764200
19685200
11779400
65237300
70219900
76086300
64420500
54444000
67832800
51524000
4276900
59221400
57450600
52343700
65238800
8145600
56731000
73428300
78798500
67883600
4000600
35940900
55224200
12652900
60100700
53311000
54507200
69622200
14151700
41919800
64254900
15429300
7635300
51781500
51830600
65246600
55384200
12524100
58461800
60692000
20758400
69045300
62227500
4318700
58864300
57047100
18165800
52056000
60653500
4278400
53852600
65618300
52861700
64698000
73470300
43414900
57538400
81741300
72758100
77065800
71682300
9948300
64066800
59628300
52984700
70266700
6884600
12590800
76286800
8897000
6157600
5113800
53601700
67271400
80185800
65934600
20683800
23098300
22419200
54101200
57840100
66862600
54245800
7029500
60067600
16247200
5334800
6979800
23005600
66594000
59535900
64770400
5402800
68589700
3965200
59718700
72370500
53994100
17068500
55048100
54239000
57592300
9371200
57735600
70720300
13022500
54166600
53637700
3948400
68210500
53353900
5984300
78871600
58092800
78380400
57000700
67238500
54771100
66598800
63272500
70399000
56582900
54233600
58034300
55296000
4067400
59981100
5411500
55828000
61963800
73751000
59350200
67824600
58977900
55642200
65790900
7423700
66112400
55729000
27926500
64137400
70714800
56209900
2341400
64173300
54044300
54285000
54318100
13542200
14675800
55599900
17651600
53167600
77702500
57009400
10975300
21676000
54372300
24283500
10012700
61700300
62382500
4244400
60818600
61836400
56264500
5091200
66420200
57076900
64097600
86304700
67150400
47129800
88285800
42369600
66235000
58870300
67803000
65098500
66561200
76798400
78401800
58093400
81368200
58695000
84996200
71058200
68892000
17509700
82352500
72602800
67434200
56299900
15348700
70050200
56332100
23587000
71699900
10503100
80799800
81212600
21032900
19016800
4286800
4205200
56968300
6433400
76161100
2548200
51199200
5694400
71669900
5146300
58205200
14110300
71078400
18776600
70540700
14062700
64817900
11188900
78818100
76846500
8510900
68316000
68317400
69558100
69314300
64062000
78553400
71380900
69056300
65950600
56823700
43640900
73085800
58375600
9239800
57500200
12476800
72029400
80176700
66755200
75820200
56626900
87993600
88975100
48900400
73161200
80523700
79553100
72502100
58533400
58927400
65070200
81054300
19344700
3736100
82167500
7451400
66337200
68667300
6625400
73353600
59663100
60182000
4326400
35723700
6504300
58509200
4192400
65195100
4027300
67621400
3093300
68364100
8374900
69009900
71927900
73606800
65641200
59986200
38172800
18668500
68310000
59828200
83734600
25492800
58026700
5356600
2535900
17907900
70628500
86471200
66942300
65615200
7988300
4305100
61687300
59976900
32209000
60394700
72927000
69138300
85575500
76913600
67969600
72562000
6698400
60975400
69093800
8374900
13862300
69541000
43645500
15259700
5084500
66824600
91529000
72056200
8360300
85041700
58301000
14390500
68069600
63099700
60349100
4467100
2628300
57761200
66245300
59367500
61066100
59740800
70180800
63493900
63169100
90971100
39337000
8416900
60617100
66075300
75171900
85032400
87515700
9962100
27392800
10509000
26336900
10093000
4066100
58264400
68146500
6887000
82373700
72048600
6745800
73621900
79398600
91047700
91369700
59527200
5734500
60375000
79299900
88686900
64068700
96147000
91152500
80134800
82955300
14478900
68762800
75041900
72582800
72365200
15512600
12904500
93118400
64177500
72069500
18275400
39646800
83029300
18591700
61573900
63384300
11719700
75506500
6448600
4463700
72045000
61637200
6826400
5258800
68779300
70312400
66797400
78936000
75418500
6747000
75328800
93586900
47168100
70058400
84987200
90066900
14615200
8476300
71526700
69339400
76909400
75893500
92662100
4387800
75650100
80771200
51392900
5697000
11232100
82584700
14767500
77979200
3394400
77862000
8098000
84714300
73337500
82828700
68183000
8000300
63966700
61369800
63369500
61697100
61997400
6982700
78453900
71701500
73758000
17486100
20999000
53813300
90440000
29623400
89229200
20848900
77565600
74974700
60193100
63646900
82271000
31204200
51685000
13101900
76529400
78652600
4669500
72385000
87538600
88876000
64596000
65762000
62410300
11607800
19071000
62269400
81417500
13344800
86665100
63217300
23523600
9617300
86306000
92159000
70342000
89392800
79347200
73788500
4115700
81335000
68917700
39956700
74200600
56961600
62889800
83147700
99072200
88588500
26129900
89773200
68918900
2589400
82056900
64406700
79095800
85272100
84348700
75512200
23829000
8417600
98357200
76209500
14942300
43784000
71413700
67660000
11293800
65350100
23481100
77340800
90994400
69244600
49294400
70023500
8021400
13106800
45818300
78083700
65887900
75723100
65777700
4262100
70996100
54923600
75481600
83009100
64597200
66481100
69200400
4680600
73499800
4319200
68133500
45477600
72297400
77502100
107999700
62296900
73662600
9791200
73155000
49105400
6106600
69112900
70218900
68294900
70740100
76604100
76411900
79271900
77314500
5668600
80222700
79792300
65160400
66935600
80895400
69542600
11209400
6145300
15206400
70691300
77239700
82787000
13808100
72383100
71939400
75734000
4553000
74200900
71954700
48968000
78377800
38882300
78755300
78535800
15098000
80236300
65228800
86766700
6470800
14843500
73964400
71374400
70247400
71395500
11431900
2584100
69594600
75606200
72522400
86034600
71169600
76197800
75198200
77981700
86036200
79597000
8868100
15176500
65871200
69815700
69182200
68751400
6022200
80502600
22082800
71979700
69218500
71054500
15349000
9626900
82692900
69562000
66299200
40323200
4476400
70281600
16932200
77361400
3389800
46099400
54654300
12826000
83641500
5713500
14086000
91525300
88568700
87087200
113148400
89524400
75991800
18643600
101030900
82024700
79315300
8014900
125277800
73208900
7379500
80201100
12516700
74575200
67097300
79320400
6669500
13306000
88491700
87606900
77953800
84064200
86354800
85151600
68831700
14942300
13124100
77210700
87091400
76083200
66937800
79502400
5705900
71267400
79746800
22234900
78383700
18163100
88378200
91237300
78797400
31499300
17604500
76416400
8673000
52688400
85286100
24713300
73162000
73334900
71380400
78467500
7376700
85928100
86751800
92142100
4698700
4781500
18914400
75338900
78312900
79369500
14067800
55361800
99052300
22064800
76189500
78741000
92384300
79086900
77706400
74817200
17704200
91007800
19451200
24546700
75846600
75709200
111222700
80791800
80345400
65024800
83918800
67395400
68182400
19666800
48082400
4462900
84101500
86460200
13035000
70931500
70109600
88623500
10012500
91682000
4422100
85722000
14746800
69386900
69835600
69230300
29205900
15646700
7641900
77112400
93075400
19570100
19230700
22620200
82465100
106011600
4963400
7330800
23983300
22471500
23402500
52856000
75194000
97427100
77399200
85830100
82794200
4662900
5725200
84502700
84426700
6871400
6848500
79243700
82699500
82147800
68926500
81327500
7553300
25702900
72479200
83095600
7944100
69942800
70570200
91518300
86054800
2822900
75413500
70530600
74633800
77423800
23259000
73183000
69367700
8871100
88038900
92262800
103818100
88224300
59688800
14712700
87381000
9137000
83752500
91430300
86484000
20850900
87742200
9558000
65449500
20379700
69154200
89102500
73063300
14866000
77732400
92392800
84667300
71988000
71511300
78276600
22447400
72478400
104519300
91331400
88396200
8913300
70168300
71137800
20542000
12123000
4771200
70364600
70874600
109003000
92635300
72304000
52776900
84407600
4893000
80486200
89468800
38673000
86963600
19893700
109611700
25503400
4598900
87215300
48727800
21411100
7356900
41992800
52186400
82060300
94914000
50840800
72966200
12413300
82732400
81240000
92329500
92375100
74684600
70873900
89077700
71514100
6541600
82966600
19905400
108598200
97407700
118287900
94626100
94921500
79847900
84204400
96941700
72380900
89357900
72618200
31894300
17506900
72856700
4736700
48813000
71148500
49512500
81432300
6415600
22701900
4232400
69234700
14539000
95068100
79656700
77871200
83951100
8076400
32551200
102560600
36632200
47202500
84864100
93372900
6052200
74334700
95761700
90822000
84311000
90670500
21267500
73120800
71329400
72445100
72973100
7572900
4797100
73086600
72463300
25784100
85896600
7885300
87077900
74366500
64243600
92712700
7653300
84771500
4141300
16919000
6111200
73011900
104939200
5013100
32157800
20080900
52199500
13435500
77497500
79577900
73913500
6958000
21163700
7776800
75027900
6098900
8209600
20809600
4824300
44568800
4794000
100668600
72875200
91658600
74931600
68406700
93095800
105684800
18234200
107596800
29285400
97024200
5031800
94602000
80249800
95234100
77048800
87589200
97752500
83501700
13923100
15563700
74389300
75178000
74498800
21129100
97730200
103284400
90790400
5139000
7749600
4858000
84961600
74506200
97484000
95209200
75892400
98527600
20906200
9467900
83999100
95100700
7821200
15492800
41398000
5036500
55372600
75762300
75483900
55165800
115800700
79545900
6369600
74284600
90814200
80199000
109258500
97166600
90758100
87744900
9563500
96423000
2837800
112554000
80724700
80915500
56123500
7482700
85481500
90191700
76423500
2943000
12859600
6406900
110105500
82396800
84635200
9789200
82629400
8063500
16660600
111115700
6125700
86685900
89892500
20999200
77239500
75382600
7191600
85396000
24096300
95558700
10245100
87726300
10884200
76773800
14126800
6238300
78286000
104007200
101889200
93089800
4942300
77587700
87941400
15468700
26444900
103034400
8565900
20045800
3022400
75412400
95184500
78880000
105424400
85454700
6768500
89737000
83345500
78692000
78908400
95000000
77433800
7080700
15057800
86636500
22291100
92230400
87067600
75878800
109047400
74229200
10676200
20574200
82607800
80454200
8310200
13487000
105969800
77319900
9514600
86433500
87644400
49819700
85908400
86630700
107466700
22928500
8401600
8165300
78391900
2804400
83347500
42306600
81433700
91976800
86884500
10373500
94580200
96341400
15650100
84466600
13595300
94673500
81763600
89028800
48533800
79103100
79395200
78857200
12886500
78830300
79031600
78652600
5165900
96309100
52120600
121221700
104345300
7220600
8797500
122850700
14352100
44317300
42652000
8426100
79320900
88518700
105206600
79619900
81900600
92546300
81481600
79290300
87771400
66416900
98789400
80074000
85975000
80228700
5033400
79526900
9674100
58627700
51801200
91660400
98287200
78453400
80171200
94881400
8129300
114964600
10697800
78145800
97927100
80172500
95838400
21246900
4906300
108208400
21917600
81344600
57261800
92235500
6479700
98134400
120406400
95686500
109790500
36665300
97674000
83271000
106448500
6079200
93756200
34960000
23041500
37968300
81747900
84282300
40800300
118708100
27449200
111572400
124708800
82318800
27906000
16925500
52975800
16886500
80478100
79348800
2895100
4299400
6427500
38661300
94034400
100837900
80847200
15891800
81489600
15760000
50044000
12996800
96661400
8127400
5110400
110515100
85770700
82751100
46145700
79935700
91773900
85328700
80206300
3037700
79044600
112907200
79687500
76095600
90394100
6861900
92018500
82751600
22215300
81052300
7382600
5069700
89323900
86109400
100911300
82120300
82562300
107883900
91590200
26244300
5110700
8247600
22754900
88274800
101968600
98401600
111678500
83643600
95862900
109757600
100773000
112358100
110246200
83690400
83352000
45728800
82992200
95175000
21448900
30171500
12078300
35587200
82501400
80554000
51177700
5302300
64962500
29065200
81355200
8252300
15944600
2757000
80824500
5057700
82966100
85814100
5288200
8356900
43956300
83471600
45316900
12937100
2944500
84855700
95049000
94542800
56358100
78973100
76128500
86756800
83160300
83784500
15877300
7145000
85201100
83328700
83880300
23714800
34387300
102063000
81900200
45024300
116269300
82665200
83126900
16979600
82513500
27621500
83053700
83289800
15753500
98913900
92626100
11156500
105525200
19077600
88931300
22605900
5209200
87916400
26036100
109576000
17450600
83608100
84652200
8197000
110480700
5009800
93312100
9011300
90274800
8619900
109558900
85975200
88205600
85057900
5359000
45801000
22283300
20879800
83705700
12902900
82462600
82892100
9621500
87926200
99764100
77369500
66565900
114215100
8566200
66508700
7495900
14103800
96737700
15393600
5868000
102278500
102085100
84657400
88465200
5307300
96618800
90563900
5219000
108968700
114043800
104185900
91348200
83713400
22829300
103836900
105495700
124513300
16050100
101658800
115175000
7470500
95250700
101337600
120410500
102434600
10870200
90246800
5472300
95782400
21408200
84400600
83494300
88564700
118304800
104789100
98840800
16408500
101491500
22864400
45668900
87746300
93384300
107936900
16037500
103503300
92786100
92754000
18833600
107272600
65934800
86402100
85091300
63928000
100461500
8656300
8766300
7325500
15836900
89948400
89244600
23181000
88326900
89474800
91648900
100924800
17081600
17597300
8823600
97697900
23511300
108288000
5514400
104092500
126612100
56001700
16602800
93381900
18256900
86713300
113806800
98387700
5465100
5395900
100794000
7026000
100120900
101217100
102209400
93691200
102375300
5677200
97754700
76857600
101372100
4947100
109084900
8927200
54363700
7366900
67992800
3706500
132706200
165651300
40545400
123412900
114920600
96083700
95061900
5425100
5869700
15296300
19556800
101794400
74393900
117861000
5085700
97221600
8422300
89264800
18635600
102061400
8130500
94059500
102612000
99648400
102484600
18195100
5822700
104872400
98728600
60214700
91447200
4949000
12541100
84267800
103985000
96678400
10592800
17662400
27421600
16128200
100005100
97237700
98756000
114350800
113147500
101419100
95297500
96716100
94864300
8941700
6642300
92266900
105110800
91583700
7338900
112950600
88612300
21781200
9239600
8025000
99179600
103842300
111804600
31859700
49137200
54606400
102858300
7242100
98248900
119658600
10234200
13062200
98305400
13893800
91642200
96966800
83671500
22993900
91637500
49262800
69719300
105729500
106617700
106729800
100853000
11736400
108135900
90255100
97789200
90314700
72663500
110379400
3056700
5536400
102695700
3113900
93600900
23370800
13752400
117518800
109894800
6213900
8910000
101633800
10690500
91625800
118778300
108495900
137631600
113326000
97966200
74009000
133964500
124944000
10504300
103061100
101441700
17817700
113810900
96782300
10438300
100402900
111987700
18519100
91602800
23225300
118763000
96393400
107051900
15489200
9705700
106670700
85220200
7108600
105118100
100036200
114622600
110461800
115822700
93665900
60308200
106223300
98724600
96351500
116492400
110397000
116934500
94631200
41954300
5461300
7966500
97445900
11321200
65323400
16547200
10705900
12740300
116550000
7981600
6527200
118431900
95417400
112582600
107319300
111820000
100522200
98562300
100290000
99395800
109425900
148296900
120498100
5765300
125593900
112853100
71567000
56835700
53962200
68275200
107275400
7031800
116302400
49873000
103682700
11558000
97546900
117059100
120827500
21770100
77722800
122795400
9165700
16693200
19349700
112995700
3188700
115699000
12878200
101082600
8696200
110978600
106185700
100805300
116785500
127345000
35324600
114187900
106336800
134611300
110089800
129541700
108189800
118873900
34484600
114508600
9203000
140190400
53820600
91002900
7897100
5699000
11658000
8497200
49666600
103635600
10241900
132144400
23396400
18701400
123586100
5172200
130592500
125589000
28301600
35095900
17550100
15465200
41683000
3787900
120635900
5671300
99000300
111516500
60138400
109754300
82222700
5456200
3242000
117911200
96988200
95146000
126617000
129930700
41127900
3762900
80468200
143624500
7970300
62845400
5466400
120920000
130473000
112424100
120008000
8949500
107417600
119420300
3102900
7812600
18466100
129996200
124050600
135183000
112810800
121675800
142602300
115926900
3233800
29668900
5495400
10616200
105089400
100067700
5118100
118728000
122365800
134143600
129653000
68894300
110680300
32125100
12444800
128312200
109241900
59130300
12159300
106213900
115493100
15990200
114004600
47998200
19473600
14516000
10349900
64162600
27628500
109840300
116693600
132521100
120594100
96603500
20737300
7984200
106525700
105608800
14091500
93712100
106682900
111617600
127329500
15579600
66203200
118874000
26490300
64984700
11437200
5364500
10200700
5053100
8591300
5572300
10489800
10457900
3358100
16867100
108906300
5742100
145729600
3305400
99906900
102468800
15703800
130978800
141547200
121979700
133379200
119268900
124402200
69240200
64978000
64999800
137466600
133024600
105829200
125166500
11351500
54538100
124209900
127664000
15612300
50053600
106423200
5790300
123969200
61936000
10792700
5926700
64079100
63109500
60005900
112224000
21470000
117138600
4050400
14429400
130254600
35878100
12398900
126074800
60979600
126768200
25652000
104399900
52391300
122789000
132579300
115156300
115689600
51840600
9762600
122906200
106389300
130740400
109790800
22892100
57482400
23260500
128399600
58283200
5604400
74353200
28603300
11578000
7190700
20390300
110237500
110003800
7023900
54453500
114343700
8199800
5480400
115155900
34905200
11156300
139842200
41378100
131531200
15646000
94396300
3025100
15904400
133285400
7049100
133484200
100961500
111086100
7230600
123463600
3982200
139403700
130209700
116742900
20064300
110133500
12831500
132615300
58865400
113727900
119078800
16444000
26221800
68730200
56521900
122424500
110315100
68726800
11902700
25058800
9535700
130202300
135098000
3139800
30301900
111081400
128928800
137665500
126200200
85686900
124159000
113264600
5825200
111386400
138387900
8684500
141377800
110287600
52010700
116083000
130686700
94431600
142000300
140372600
8056700
57164700
122003000
125047500
5831000
5985600
16528700
122475000
6975900
113470700
135017300
8531500
27797900
118250700
24186900
139531500
8938500
122891300
119488800
17422100
8665400
140156400
115149000
136228300
6415700
121505100
15469100
9653500
155890200
122198600
67912600
140264900
7873300
119124700
9281900
108991900
120415100
136083400
140309000
114319700
78350500
118206600
122579000
39080900
12034700
120406400
56563400
128519600
67601700
30020900
131725700
138351500
134670400
30074300
131910000
5833700
124076900
122533600
144538700
117372000
9732000
141636800
23010300
135395900
143647300
119249700
24784200
114146600
72686500
130538700
48766200
126258100
7815300
126714200
71158600
107160500
47132500
21908400
5686100
10762900
7610700
143376900
117665500
122778700
80962700
100388600
7574600
129266100
12170800
80245300
130168600
118126800
9280100
21843500
17977000
115194200
130383300
25343600
11122200
111872700
85997400
43612900
4893000
129664700
141482900
147087400
20434700
143869900
121490800
115391200
125771400
126943200
9956700
115094800
34594400
122858100
144174900
60775100
118304400
113958200
7424500
8439200
113490300
116576900
120599000
147611200
131011600
129479600
129701000
155165600
131361000
135192300
56704700
134021600
64629800
6284900
84559600
143825800
8152100
118367900
143512800
26344300
10040400
109494900
52225600
6641900
76877600
9972400
52512000
106455500
115199800
106850800
118147400
111060200
13295500
8882600
123998000
137688900
74595700
116648200
112343200
60254800
89099100
21984300
130393300
20436700
114291900
12093200
109048800
123641700
18619400
146112200
66517000
7385400
59478700
120052000
127637600
14644400
176078700
118070000
151874700
94450100
124876900
93404500
117116800
121089600
27473600
12141700
139569400
96564000
11405900
64060300
6159900
54162400
25713000
24803700
127288800
150836300
9674600
127923600
16743000
120284800
8289100
127172200
73066100
135415700
142050700
107723200
116723300
8861600
135377500
5605200
121128500
107209600
126082000
58492100
29963600
9859300
127475800
14026400
22145700
107499100
3459000
9534500
5073200
19389100
159286600
28918800
18254600
116794100
114864300
167077600
134380500
10925300
131526500
12987800
38047000
129255700
138112700
126035900
15411400
64377000
43852400
126391100
9761700
138554600
127089800
130519100
64192300
149668300
51378000
25790700
119389100
34661700
52571400
5805700
127452500
120721700
32667200
151545600
110332800
37724400
116189200
79457800
8249700
25008300
130550100
35948000
123801600
148726900
39837400
116170600
14689600
121979000
135694900
53404400
146297400
122515300
138789000
5753400
126014000
134591000
30325200
141278200
5612900
123583600
131901500
142471800
7259200
128756500
66937100
117750700
96871000
137667400
121296700
131156800
11148800
127304600
63440300
127767100
18327600
143892500
132321100
60701900
126725300
104057600
7540400
133580000
14931300
134028000
127203700
128150900
9108400
12529600
33139100
113287100
52822300
131494400
132097500
8400300
26923000
62354000
135422600
146908400
122706400
98842100
152727800
126706400
120838900
26685600
3538100
137898300
70277700
149064200
129926300
38878000
127831800
8875900
128150900
137265100
17209500
16767200
130183700
136654300
16827000
126784200
13936600
141719900
137307400
130530300
24077600
96986100
130528000
33640100
70209100
132012000
121180200
135286600
13172700
115733900
44210900
134847100
5108300
133119400
121632000
72568000
111958500
73095300
136013500
141675600
16072200
133146600
66611000
132527100
126373100
127896300
147206900
125371500
65858600
130002500
128993500
131306600
130672700
129574400
122678300
146782800
3998500
131549700
5983600
119393100
126727500
130379800
24704600
125580700
131590300
47444600
31851100
55177500
105632400
15356100
50150000
119886400
127290100
4199800
55947500
30380900
106167600
51206100
132843000
19549100
85024900
5669300
25145900
75610300
141142500
15528400
145169500
132873700
102027100
72397200
124194600
26708100
11292300
127012500
144315400
12464400
144789400
133366900
78798700
139886700
128232800
126152600
11551700
78172600
70736700
143444700
8536300
16127600
11256300
5904600
150289200
79724000
134982100
142249200
26385300
32275300
135885800
125888200
5915500
157889200
156004400
126675300
127521700
112025500
114255500
3426600
152026300
114756900
145173800
11615600
6229300
138806200
114443500
75888100
25466200
6022400
128977900
136048700
25546300
121698000
150276000
5993700
140443400
18428600
131911900
53373100
18699600
157017100
18923900
136379700
115115600
128774300
146682400
17528200
136200500
159508000
146478100
156118100
137650700
151786600
146436100
116591900
82249500
122979300
17935100
139019100
135068900
33630900
145894200
125580800
21376200
27133500
26668600
157699300
118652100
114683200
130213400
145327200
61495500
149604600
137913600
115670500
110069200
23245800
155019500
3635000
23729200
15194300
103620700
130712800
139530700
134770100
114945500
90675800
17984800
115410900
140324900
117728000
26172700
92208100
157399300
165012300
148739900
138588600
142444200
15648100
15539400
127205200
117249300
138904200
135017500
149209800
125604500
171571500
123563500
98068300
26317300
118511900
153567800
8546500
152459100
136217300
64427100
21591700
91671500
90457600
119043500
31433200
158374000
129050200
51257900
124884700
124395900
151480900
167560200
19568100
149261900
16763600
32011700
148499900
125267400
61905800
30514800
161034600
139976100
160869900
172425500
9346200
9814600
142192900
135057300
8862500
131818100
6303500
130967300
118500500
6343700
129370400
127051100
144966800
112342500
119979800
135779100
6124000
118642200
83642800
11594400
45359400
11456500
5854300
119841600
26820300
154264600
122497700
11925900
20198500
11727900
52359400
136299600
8912700
11836900
16188500
53259300
8162200
8927800
9045200
11425700
122108700
141247300
149719300
10136000
153631400
150722900
118302400
128661400
128666700
5930400
6197700
137218500
6145200
63429600
135590500
136463300
149567700
6022800
146763500
17483700
138826500
135723900
19125000
8845200
121578400
41431200
6783100
151642300
140834900
150921500
153018300
130509200
145453400
15808300
18605700
138445000
142888900
19768100
16300500
5255400
148960200
10301800
19575000
6311900
130346200
148258000
26335800
126797700
12497600
137669500
151765100
138592700
121953800
6135500
121981800
122293700
148811000
163506900
18879200
144387400
169205800
9575700
21459700
108302400
14885200
9914700
124310500
6196600
85619700
137898600
21353400
61393400
151319200
13208200
39866500
12886500
6644300
160340900
39403900
6273600
31551600
28188900
6512800
143305600
123831700
27388900
141345100
146254100
34470700
10470200
10567100
81337000
154249900
138661700
133825600
135329000
6423200
123639600
160064900
150512600
19156000
13878700
140234800
135498100
154357800
143671100
124176000
6175200
124865500
65057000
10219200
131163600
143135200
71697400
10888700
6266600
137094200
12299100
67428400
149131600
197387200
136937300
7450400
160661300
139716400
27703600
7962700
21984300
124581600
171481000
138811400
134257900
132713100
59371000
11063400
152035800
146290600
11153500
46279900
122067100
9290600
151060300
152845800
3423500
5964100
27605300
152412000
149260800
147912700
79570800
32435900
143171300
143071300
167297800
63058600
6532600
145789200
18312000
63198200
99880900
126806800
156889400
21724200
149986400
150131200
135957600
12019100
6248300
144579700
16231500
124522500
6076700
4273100
139980300
10179300
157688700
120734700
118898600
9522400
120723500
59914900
20935600
10733800
75294700
8914200
43121700
125013300
66199300
19259600
117699700
65538800
11611800
120907600
129049700
5401500
3263500
11204000
5952900
82838500
112441000
47200000
7977800
119165700
114281300
48199100
11511000
114841300
7104900
3820800
137776100
33999700
8989300
19374100
113234700
3510500
111712200
5456000
109773900
111267500
112747900
111261400
10112200
118210500
18281700
9254300
120202900
110423100
56150900
114638700
14587800
50554600
115868800
77904600
5935600
4824900
116452700
11095400
42485800
113723300
36686500
203384600
39627300
165647900
35677400
9301600
118132300
120903200
5704400
125196100
122336600
115941600
89301000
116110300
26169400
7891800
113179800
14527600
15195900
119565200
141616000
92917900
128267300
19689300
6029900
136290300
132498400
19989800
20283900
17093100
125802800
125314800
49980400
118344200
3272300
5549300
54172400
118001000
10624400
35826500
33360200
137783200
138670000
17082400
126973000
116550000
118515300
90629100
115631400
116707200
119430900
165193100
123165000
5428900
196605200
132347700
3289000
135038000
27380600
3247600
129031100
64991900
47970600
55594200
123171300
17919600
121487400
11400700
118161000
117263900
7175000
18784500
60928100
7952000
7905400
118815800
119432800
9696100
9640600
131827800
45972200
117496000
8966400
112911700
113833400
24159700
54878500
5617800
24217900
115490800
5618500
7169100
113075800
23172200
113141900
18516400
9120700
14474000
113863400
7961000
7959300
5625300
124849800
41835100
113487800
113558800
41817700
9001500
119628900
9145500
84561500
121771900
116199200
5637600
10690600
8103400
114266800
24158100
24169500
26013900
14441600
113883700
10618000
113853800
114269600
7986700
114008600
17061900
14458300
114241700
5653200
8449100
114430200
14499800
114291700
5674400
114982500
114937700
114655900
30727200
35254700
8028000
114654800
7961300
114850000
114868900
114817100
115009100
3279800
115278400
10779700
121691200
126753200
115220500
115153200
115656400
42244900
7190900
50038300
19037600
5645700
9257700
49817100
7196000
118835000
115777400
57536700
115771700
9024700
8000200
42666000
18594500
115277800
5505900
115675500
117814500
118788900
115801800
5538100
14851600
37457600
3294000
116077500
57710200
10761700
116049500
115772800
116098500
129714100
122204600
7218500
3336200
17097700
18654400
14602100
116436100
5598200
116352700
5514100
5696800
14545000
116960500
3293100
116398800
3299800
116652700
14593500
77838600
17809600
118960900
126193300
118579400
90118400
117070100
116639300
8067100
24494500
9109600
58696100
9392600
81612400
120684200
24483600
7110900
20308000
24819600
25749400
38967500
10424900
14729000
117221200
118117900
117610200
117529500
18805300
118882500
117370200
7289300
23535200
72504000
35492600
59111100
5551900
5836500
10783700
52375200
17555200
120187500
118402600
17545500
10905000
5803700
3366300
99641300
3324700
91329500
42621800
117940500
5788000
24640800
56373800
118109200
18778300
119825600
9195200
14689500
8124100
5570600
59403500
8120300
118299500
8088300
8205400
118710900
118926300
7321100
9169300
17391400
3321400
17264400
56124100
17658500
9199000
118529700
5766000
10941200
119321000
121322600
25248100
9462500
5983100
82646100
118964400
24795800
5792700
119174000
8129600
119538400
119446000
59361100
118975000
5779400
9170500
19008900
42927000
121892100
8219700
72166900
119967800
5809600
18962800
128033600
95770600
119348400
102096600
119457700
119739200
121883200
8187900
10881400
80717800
14768600
120024800
10896100
120423900
3345800
25207000
7343300
78278300
10884300
17686200
120254900
24838700
120144600
10968900
79083500
5799200
49058800
87648400
120333600
73030200
120994300
43400700
120731200
51084100
19050400
16630700
17451600
51002200
78422100
3362900
120590700
8188700
51044100
9251800
120924800
18990400
78646400
120793900
8221700
113562100
120817600
120758100
120888400
120946200
23861700
121625500
56909200
121432400
121351100
51427500
5659900
121525000
5828400
125431000
127060500
129747300
123928900
123630100
121413700
122040700
93589000
43298700
5829200
121591900
78962100
121818900
9416200
51275200
122062200
16775500
124402900
123218300
90186200
19122700
15031900
24917600
17810900
3392800
113957400
122500000
122542200
122430300
9340100
36044000
123158600
57333400
122615300
19173000
122746900
3383500
14900800
49335900
46344400
126616300
19208300
11024200
123917700
49615600
19134900
122669400
8263300
43812300
123188000
5855400
85511000
5862500
43633800
123288700
129045100
10340700
124107400
8261800
51692600
123316400
124291700
86428900
133006300
79790500
25251700
123931900
25236300
5875200
5916200
123716700
123742000
16889400
87314300
15019800
11220300
123605300
8274400
5898700
17654800
124098700
124086400
15194800
124244300
9406400
36351200
5758700
5807900
124229700
60698300
124481100
17823400
126505000
9386800
124568000
124487300
124224000
124401900
124124400
43867000
49969500
124275400
124586300
124435500
25268100
124874000
24202500
124482400
18029200
9491600
25258000
11134900
127793900
124755800
124648000
125246700
60754300
5885900
89671300
124926200
125281000
126271100
32708200
139277100
128215600
125206600
125755900
8345700
125172600
126252400
125363400
9763000
52113400
61193000
5931500
128868000
17027500
125482200
91589600
52033500
4989300
52076600
126326700
61127800
44430800
86533300
52223400
125896300
5741800
148244300
5973300
120204800
11178200
126498300
125935000
126182200
24343200
126060800
17833200
126451400
126488900
90460000
19474900
25456600
25457100
24349600
80553100
8364400
5784100
5937200
74688900
67494300
24388600
80583500
11177300
126790800
126757200
72270100
17883100
3438800
11253500
7580500
86841100
8411400
15187200
126890900
9492400
131205500
22016000
70608900
18533700
142201600
127145900
128098900
19584900
15234600
127257400
129258700
24759200
130163900
18602600
127509700
72129300
90311200
127756700
9507800
3467900
127875600
91859800
7574200
36870800
17949600
128148200
127753700
18021800
127818100
17945100
25640900
8425200
128186300
127954400
19590000
128137600
61603900
44644900
37870000
132802400
18010700
128862200
25655000
5993200
128332900
115229400
128589300
15267700
128444300
129259800
11278900
130863400
20634400
128616400
17150300
5891600
128619600
52752900
8248400
130822400
7627200
15302100
131827000
59044800
72100800
28443800
45637300
13428600
8518000
129448000
44662700
129307400
68250600
132448600
11697800
150390500
130365600
17331400
18273800
129662300
44858400
3481400
19678700
44834000
129624100
24692800
129608300
18185800
9844500
25788700
130070900
140965600
129850300
9987200
6041900
130719100
130145600
129906300
5865300
130327000
25922100
18141300
130140800
6047600
18127300
131084400
15464500
15449500
8578600
19726700
32707200
75881900
130400500
15398800
130672000
25875000
62556800
50930400
32696400
130635300
130611600
130861200
6036500
130797200
9869500
24818200
131050900
37487300
25899500
90145300
135026000
11519200
147533800
3500200
76074500
6062100
9925400
19802800
51149400
131400200
7724300
68885500
131377000
131545300
131273900
3519900
11431500
9650700
6057300
131557100
131788800
63739500
11515600
132656000
11483700
131937800
8612700
5921300
3523200
6080100
132182800
18591800
19927900
132004200
18232200
37475500
7712300
37479700
132264900
9923800
18561200
135388700
134747800
96887400
8569700
132268000
59601500
132427000
132416400
132596200
151984200
9983200
8606500
9958600
132575000
18589100
19912600
133613700
67619800
45357900
133044400
25002600
76598800
45936100
133330900
5927900
138766700
32112100
121711900
151592200
18316400
18370200
133276400
15613300
19967500
7756700
20218400
26146300
133662800
6116200
135210600
135805000
3526100
15586900
134339200
26158300
133732800
59881700
25077000
133783600
49413400
11513700
133727500
3543600
134050100
134701000
10033600
117180800
18387700
11503000
134266900
8661100
26301800
18394600
134102500
3546300
8654000
7796900
134581600
9809000
135083500
135756500
5959300
9955100
134473800
134572800
134860700
6132200
134674400
134864200
134602600
19102600
63236400
15657200
26327500
64346800
17628600
6144700
34438300
137174700
134981300
135439600
137355700
141098200
9819900
21770500
26304700
135372000
139073500
6147600
27120900
7667100
135400400
15752600
3558000
7810800
17638500
33207900
137232000
138260000
135852900
8707200
54311600
71111000
6051200
74613400
6185100
10107700
3612700
61639300
40238200
135950000
6164000
26490700
136906700
5974100
136840500
136308100
137277200
10085900
21913500
7555100
6908700
8683500
63150600
25346100
137714400
7308800
16052300
9118200
149338700
10652700
9899700
9407400
144323600
149268000
143880100
143517600
156172100
11666200
93654200
20255400
140109300
26628700
137353000
11674700
9853000
8756900
19094100
8774000
8778400
11700800
137348700
20375100
11663500
137724900
137231800
20289000
92983600
152221800
40247700
18916300
18942900
137877100
26610700
137905600
18629400
15839700
138864900
138305400
6210800
138263700
138442200
11790700
10206700
138702400
138183700
138822500
11691800
38356800
8764400
138944700
10627900
15928100
138438600
9881200
95771700
138307000
26586600
38433800
6056600
25569100
138609800
138694400
138620200
8798900
141741300
11717900
18731500
139446300
138790000
18719000
7902700
91949100
75353600
46359300
9954900
9914800
140405800
125155300
139141500
53513200
8882200
122951300
8790200
122220600
63238600
85937400
71964000
11808900
57387200
9941600
36104000
53173700
15959000
37040600
139685700
11803100
139845400
6251400
10204700
93257400
6063000
3617800
6070700
27793300
160220100
142096100
38602700
25676700
8808300
54968800
141351400
20491300
140711800
53098700
26742500
140310300
10310900
8878300
38711500
151133500
46683700
140814000
140599700
140640100
141165600
11891200
140710000
9978200
141043800
18852600
9986200
26916900
141229600
140888200
6085400
140913100
64666100
140927800
8856300
141098200
141488600
141150500
11844300
141279600
8149900
141219000
92146000
11837000
147826300
4314100
29183300
6427900
65910600
16087200
6325400
154726800
26894800
27144700
6320000
36039100
20578000
53269900
142311700
64805700
10012300
142103700
142391300
55911200
142345500
92000500
7994200
27913900
145374300
11880500
142199200
26938600
142357800
3717100
64990500
10031200
19292600
142502600
3648300
34169800
142950100
65005200
3654300
85521300
8952900
10054700
145527900
10072100
100722700
8940300
27164000
145345400
20801300
143069800
65109800
142878400
19295900
3669000
143098700
47082400
143431400
27108100
153502900
20243800
92403300
11928700
27124200
146644700
143503700
10074400
56276900
6348200
143735800
147592500
28454500
19907600
9963100
8771700
6394100
152081000
155331900
16172400
144658100
10107400
146611400
90865000
41184400
144388500
8935700
144619000
19104300
8064400
16227800
6206200
3666000
28200300
144379300
6204200
144497300
6177200
47428800
6189300
10098200
144760300
93187500
145246700
10471500
95080100
147150200
20872000
12004100
18280800
8994200
145193000
62213800
144991000
144887200
76947100
47763700
7833200
16320000
20830100
8077900
62300200
27301800
145400600
53830200
101625100
145375900
12005500
6376700
145883600
86560200
145992900
6177100
27400800
62371500
53730500
72419300
148064900
12103900
156243600
10033600
10813300
19993700
28564600
16928200
84755100
146715000
146401500
146677300
66894100
8133800
13870000
147363800
58299800
16409300
147007700
6217300
147508900
27343400
148834700
6481500
12410900
4350200
148375700
66007500
146813700
147245100
93466200
146954100
146823600
6404600
19553800
6227300
166718600
12057200
147095300
147156300
26308500
147179700
10300800
147501600
147139200
147244800
68603200
8889800
24759900
6434900
10210200
27771300
19742500
6268600
10270100
39756900
8163100
6439100
9068200
16490400
6443900
148160900
148140200
147880500
27733600
6434400
150669300
162637400
102908700
125976900
21096600
9083200
62984400
148627400
19695700
3725900
12121600
149423200
149075800
19707100
12126800
6272300
148591800
6240800
149113600
148972200
54477300
6437200
130335000
16423400
148605400
12158800
148823100
149061600
27609700
40026400
6283200
12265800
151655100
150488700
78178500
26520000
48150100
6477100
54982500
149738700
50692400
21238100
149785600
6402800
12258900
73980000
10397600
19444300
12159200
6458500
94206300
149549900
18527400
56862200
124023200
12277800
52404000
65698400
148852900
52338100
3741900
6265200
16490700
21164500
124486600
153756100
164623200
9221100
19921900
12208300
6574300
32849000
159621100
150307600
94702000
111491200
19797900
151975500
150644200
6284900
58441700
10322000
8226500
153919300
6528000
151219000
129226800
19864300
27825700
127166600
151375300
72029100
21302200
48430600
27818000
150916400
140694500
151417000
57081500
19614100
3752700
7990300
21300000
66251300
6312700
52451400
132035600
28059300
12277400
19939500
3756500
6528400
16724300
153169500
27829300
19549400
151696200
128105600
16619900
27221700
152337000
7953100
151836700
50592600
152183400
6334500
72676200
6561300
6568500
10444700
27928900
10674200
152870900
89177100
8277500
19620400
10736000
73194900
165930100
48611700
152818600
66515500
16668100
12298000
6585600
42504300
153125100
6540300
99180400
64398000
20065200
19693000
72646700
72844000
153387000
9216600
3858500
6355000
153677200
153403800
21367100
153401700
53463700
155383200
16821900
154748900
153836500
83254400
9267500
154115200
21536200
153913200
95734300
6562000
58848400
155020800
153737700
153747300
154224600
6601400
21533500
155009200
10633500
23238600
154722400
155406100
28114800
3806000
9373000
6583700
165263700
162322000
22790500
180865100
12631900
198612800
176809600
158162000
31264300
162986800
71693500
11422500
3822200
172768500
13696100
166111800
176971500
184466700
19917900
91827300
157962100
73846800
73602000
160533100
171646900
30564700
65807300
123164700
31677000
7507200
35957900
11603400
178693200
12431600
6408400
51843200
112686200
170637200
173086000
160284200
6386300
3812100
156236200
6510500
40762100
155791800
49188500
16910000
155675600
28273300
104011500
16874200
28251600
28263100
159289900
49616800
28417700
12467100
12460000
166368500
27232100
80177000
156605800
12509800
151324900
58674600
157913300
55761800
16874600
156676300
6609100
67694400
156560500
157089200
28460500
8104600
9326400
156841300
157794300
17997500
67370400
8466100
96873900
158973400
6411700
13032000
6628400
8412100
58198100
157249100
16895800
64813600
3844100
157627200
16956400
157872900
8418600
58305500
12511400
12483200
6666500
21735000
159913000
162918700
9510400
6652300
67384800
12559000
6691300
58394600
109335400
158053800
158531800
159115600
21876300
181045400
16960100
103049400
173565600
100746900
12521500
158563600
6456900
80547400
6459400
58688900
21817300
162826600
17174000
75744600
67711500
19048800
159599300
10594700
58970600
19128700
9474900
28574200
160540500
10980500
49890500
6513000
53827000
17003400
41193800
10891800
159221500
6672600
159186400
68915900
6532300
6509400
159645700
159466600
6500700
159648700
6676600
49653800
17075900
53900300
28675000
28697100
6497700
6728300
10631900
36093500
90355000
159978100
6499800
12580500
21863700
106505300
99837800
41326900
90447700
160216800
103142200
3868100
160662900
49868200
168686400
160534300
10680700
90797800
49799500
94199700
83161700
178160900
162756800
165138600
56687300
41350300
6490600
52081100
50078000
69127400
3905000
17146500
160933800
161599400
17146100
161100700
17194000
28793800
69922300
61097800
161406800
10669600
161428800
161390800
21948800
161550200
100567200
161633900
69306400
13695500
163249200
161661300
114821300
12647300
56963100
50039400
9542300
19278000
162588100
10745200
28813800
17186800
28871500
163406800
12087500
4742000
177124400
162132200
81382200
11008800
68395800
162519800
57784000
10746200
6788500
3896800
180914300
181597800
69351200
12674900
162773500
50121100
129438100
8573500
6546000
6557900
164655000
163029900
164545800
10749900
163132300
6549000
6747900
163128700
10769600
3916900
19318800
163230700
27753700
163466600
8566100
11063200
163534400
11041300
163317800
10737600
6809700
163852200
17233900
164191000
164162400
169647500
3940000
164310100
104253600
3914600
164058700
6771300
98503800
6567800
59507100
164539500
9564300
17272500
11065500
12751900
29019300
3935400
3993000
82033000
164425300
59715500
17402100
167886300
30615600
6872700
93863000
17337200
6809100
174870400
29042800
165135300
54820600
165108500
36639400
92111000
17316800
10528600
3945000
135996700
165059800
12791600
22733300
165438500
12802100
3936200
68949900
6581400
166056700
165526500
3928600
168138100
9579800
6891000
6597600
6841600
12853000
68138600
71039600
165734000
92239300
145219200
6815800
135172300
180294900
8666400
21950500
167063200
183754300
181729400
140862800
13040900
112263200
65109500
15001900
185961100
178787500
168032900
118328600
32578900
24917300
179005600
77588800
75861600
167380100
136014200
22303900
17417200
18343100
72661300
19545000
166993600
167639800
108929900
9666700
166915300
70367700
6708300
60108900
6654900
167701600
20520400
169229100
167272600
107689800
167533100
168325800
167587800
92617500
167539000
6644100
92532900
36946000
168156400
6835200
17479800
6908600
55392800
170716300
6634900
28097800
29349400
10922500
17469600
10952500
8385700
168425600
101664700
66986500
170056000
71793000
17612200
60643600
10919300
87574500
8755200
120108700
180293700
70670200
168662200
22500400
139230700
3989500
157369800
9736300
83251400
29319800
155791500
169426500
169198500
93100400
168917400
3981200
11231800
105698100
169002700
51097000
3974600
169739900
67116900
98099700
83326300
54370700
7119500
6811800
100541000
6885600
29433500
60626200
10949300
170103500
100415700
169649900
71901500
17895900
11770400
12204000
113484100
234232300
172759400
8894300
29843700
184180900
170860900
20712600
32404300
181923400
191651100
66086900
173639600
20810500
170718000
172682200
6949600
51405200
132701100
171850100
170682300
44960600
170861600
21127300
22544700
13081700
6723400
110968900
170794900
170756400
6912300
171932000
17638100
20757600
171518500
171173400
8857500
29579700
29678100
29165600
11039700
171460300
4068800
6930200
171540100
9880300
93915400
11083000
7112100
171713200
4005500
175271600
64989600
10839500
178036300
22676300
87075500
78775100
7815900
180677700
17728700
262243900
6708400
54394700
15425000
137039900
7173900
8527900
6735000
14405100
8828700
6955000
6785700
96726400
184131400
4009400
61034700
9790000
195113200
174786400
31743500
13411800
86221500
4037900
17925100
179221400
29870800
61348500
4062800
193375500
174155900
188424000
128816700
6952900
145883000
186558000
22785100
20565400
12003400
20116300
6790600
20306600
11168500
17816400
185416900
174768600
173781300
56405100
187313000
191996000
68971700
59938600
6848900
97209500
177598100
9944600
182030000
144167300
13748900
238484700
7118300
158486900
9180300
23070800
8030100
27029100
18815100
215636400
6814900
31670400
64996600
195678900
21937900
32989900
36789600
15540300
35426400
5303800
7019800
10257600
17977100
13419700
62024900
62799600
58199900
148156700
30983000
53076000
13263600
20687700
13415200
60176600
13302200
23021500
85673000
11509500
11341700
86374200
31385300
178197600
9876000
6837200
188203200
8351800
224043900
192889600
12853600
68149100
4133100
8526500
44692700
185495500
179142800
4195500
32493100
6535700
64548900
178526100
21592500
71616400
176640100
4073400
177065100
178134500
61202800
30062400
176947900
7069700
6853100
177362500
7045000
78935300
195939000
4942500
204412600
62589000
13900500
118077500
189825200
75628600
68915300
177657500
52258300
179805400
34415100
29130800
13959000
118622500
153185900
94945500
7326300
190827300
189317100
14361800
10668600
32381300
73887100
13279400
10071700
7070900
177910200
181301100
47733300
27175300
74393500
7181400
21413300
18013500
179971200
29100500
72633200
18054700
9936600
95587000
9472900
4094800
178816300
7065600
7074800
11231200
6861600
178663700
189145400
95499100
179025200
45745100
179211800
30246500
18044200
66176900
202399300
9971200
8884200
7681700
18081300
180083600
179197800
21265400
103389800
23429700
13552600
31394200
69598500
179604500
13408100
21669100
18068000
59941300
180052400
180008700
6910600
7091300
21377000
179972100
109457600
179888200
13334100
11587600
141214800
60144000
180303900
183590100
21915400
121435000
146689900
180430400
181323700
96888600
10020600
23195700
9998100
7139900
181511100
61394900
187974300
6440600
7211600
20945800
191198700
74942500
188461500
53835000
9163700
23637800
105211900
10688500
31986600
43427100
14811800
14693700
184376900
20423400
30599500
6885500
181267500
11647300
78939000
21745000
58453900
13487800
18199200
72817900
181742500
182023500
181665500
21397900
186306900
192006800
215439900
10071500
185439800
189596200
7155100
185082500
182062800
192648000
11677700
18277400
6905300
182826200
6021700
11366600
7138000
10056000
9139000
106686500
182760000
29679400
11703800
11366200
182463300
20509200
123218900
72903600
183152600
9941900
62756600
186141100
12946800
8762300
30696800
201375300
190776400
19722700
24543600
198971300
30818400
63837800
61812700
