19400
19900
20400
20300
20700
21600
21400
22900
24200
22500
23000
23300
23900
25000
25200
26000
25400
26400
27000
27600
40200
29000
28100
29600
31400
33700
35200
33500
32000
32200
34800
33200
32700
34600
34500
34800
35700
36200
36700
36800
36700
38900
38000
39400
39900
39500
40000
40600
45500
45200
43400
43500
43300
45100
44400
46000
45600
47400
46800
48800
50300
49500
49300
50600
54000
51800
52700
53500
56000
53500
55100
54600
55600
56000
56600
57200
60600
58500
59800
59800
60500
61300
63200
62800
66000
64700
64600
66200
65800
68800
68800
69300
68600
70400
70100
72000
71600
73800
75500
75900
76300
77300
76100
76600
77400
78600
78800
79400
80400
81500
81800
82800
84300
85600
85600
88100
86500
87300
88500
89000
89700
90800
93600
92900
93100
95000
94700
96800
96200
99000
98200
98800
99700
100700
102400
104800
103100
107100
104800
105700
111500
107500
109600
110100
110200
110800
112100
112900
118900
114800
117900
119700
120000
121900
121500
123300
121400
122300
125600
124300
125700
125800
126800
128100
132000
129200
132700
134500
133400
136200
135100
138800
136300
137800
140200
140700
140800
141800
142700
147200
150500
145600
147500
149100
149100
151000
151100
154000
154200
154100
156700
160000
157100
162200
167900
164200
161900
166600
164800
165300
167700
170600
199600
178200
174700
180500
185000
173600
175000
215800
188200
189800
223600
206200
211300
214400
240700
216000
215700
215200
250000
214300
215000
196900
194600
270700
229700
218000
209800
211600
200800
228100
1536000
209400
207900
212600
214500
239200
251100
232200
217200
222100
224900
216700
223300
227200
223100
221600
222700
227000
229700
229300
228600
232700
234900
236700
234000
240000
236300
238600
238900
239800
243800
352700
253600
245400
246700
251300
251200
255700
255300
259500
256500
260900
259000
258600
270800
261500
266800
270000
264900
266900
272000
273400
275900
272600
277900
277100
328900
423600
325300
316600
294100
300300
289900
293600
292500
296400
323300
313300
302300
303100
301300
299800
308900
301500
303500
317900
309500
312100
308800
317600
314400
324800
318100
316600
318000
332200
351200
365100
367900
376700
391100
382400
330200
335300
338200
337900
374100
372800
348800
377200
402400
360100
346500
356300
401200
395900
446300
370600
365700
435000
421000
426100
425700
434300
463100
465000
443200
459000
994400
428500
425600
556400
548600
412700
381900
612900
389700
426900
432500
390100
393800
393800
405100
398100
399300
402100
402600
406800
406800
414200
409700
416200
413300
550300
461500
599700
520100
446900
429300
431300
436000
429700
436500
433900
434600
436500
447500
506500
442100
453500
450100
452300
450900
454300
489200
478700
465100
460200
459200
461700
518800
466600
466300
474600
472900
475500
473800
477300
558400
625800
514100
552500
494000
494100
518000
491000
493000
502900
535700
506100
500300
508400
503500
508200
513500
513300
512000
553600
518400
522400
520200
525800
528100
526300
527100
529900
539500
532300
536700
536500
627200
903700
596000
553000
553100
557300
625500
606300
555000
558300
564800
564100
571900
565600
580900
614500
638100
584300
575700
581200
585900
584700
584500
594100
592400
591200
592900
599800
996200
709400
603500
671600
662000
610700
608700
611700
612500
623100
618200
622700
623000
624000
626200
627900
632700
632200
636300
642900
640200
648300
643000
655500
652000
649600
765200
969100
661900
669400
2356300
820700
785500
876100
711500
772000
890800
683800
751800
815900
688800
708400
764400
713800
727100
1183000
822500
1029200
828500
888400
816400
906500
998800
908400
794200
982700
723700
752100
724400
732300
727900
748300
806500
828600
887200
867900
929700
1420300
801600
786000
847400
1203600
763500
758200
762500
767000
768500
768100
769100
784500
784300
839400
794000
791900
978200
882400
1141400
945600
916600
913300
1320400
814300
807000
844500
942200
896700
814400
821600
948500
835600
833500
905800
1001700
963100
967300
846600
863000
963800
865000
852300
848800
853100
859100
863900
858200
997500
1192400
1029600
1051300
1004700
1038300
1032500
1020200
917900
970900
943500
902100
894900
894100
900500
898700
921900
1049300
962800
911700
915400
916600
1068200
1052600
1034100
1046000
1332700
933800
937100
942100
938100
940100
963800
977500
969800
951400
953700
956100
971700
1349500
1078000
1155500
1219600
1671900
995300
979300
1017300
985200
1042100
994300
999300
993000
999100
998800
1317700
1418000
1175500
1013800
1020500
1015000
1093400
1029900
1029500
1100000
1028800
1042600
1043700
1038500
1040200
1156600
1346100
1163500
1063000
1103200
1270000
1061800
1125400
1156700
1068400
1074900
1073300
1183800
1265000
1404500
1719700
1309300
1431000
1508700
1319000
1814200
1602000
1374800
1661300
1334600
2848000
1455700
1585400
1598600
1463600
1744900
1345100
1422000
1554900
1739200
2110600
1422200
1538600
1474300
1790200
2051500
1425000
1510200
1962600
1437100
3042400
1432600
1489700
1214900
1392100
1604100
1533000
2519200
1575600
1414700
1780900
1561800
1275500
1403800
1531000
1396600
1422600
1524100
1610200
2311700
2448600
1523300
1850600
1484700
1946800
1369100
1249100
1281400
1877900
1720800
2574500
2432400
1739200
1306600
1881300
1795400
1780000
1704500
1527400
2015700
2197300
1698200
1548200
1733300
1947700
1804000
1580100
1848300
1635400
3746300
2375000
1634300
4785000
1577600
2133700
2607000
1614600
1390900
1358800
1433900
1406600
1380300
1371400
1363300
1378200
1801400
1436100
1615400
1384100
1410600
1753200
1464200
1686900
1455000
1410100
1410300
1934600
1428100
1463900
1415900
1646800
1550300
1670500
1501400
1526200
1548400
1658600
2711000
1465200
1503200
1550400
1762500
1519800
1461900
1463500
1470700
2160000
1868200
1504200
1567600
1507300
40075500
2064200
6124400
1903200
1896900
1900700
2355600
2046800
3057900
1929100
2678400
1934000
13847200
1956300
2173800
1994200
2088200
2015600
3023300
2421600
1958400
1996900
2335900
4612500
2743200
16274100
2440200
10353300
1776500
2470800
2167200
1957300
1788500
1789200
1795400
1607700
1605300
1773800
2066900
1668000
1791700
1700300
1933900
1760900
1633600
1635200
1682500
3471900
2014200
1839300
1752000
1834600
1659900
1668500
1669800
2521600
1732200
1687500
1698400
1718800
1707600
1737900
1704100
1705000
1949600
2198300
1856000
1811200
2062000
1966600
1723200
1726900
1748600
2189700
1898500
2555800
1763700
1764000
1756700
1756100
1773400
2295600
2135600
1811900
1777600
1877700
1788700
1784700
1791700
1836600
2091800
2160800
1814900
1877300
1881300
1973800
1833400
1853300
1829400
3059700
1921900
1983400
1845000
1905400
1846600
2025900
1879300
2270600
1906400
1939200
1867300
1897500
1889500
1992800
1939900
1894800
2349400
1983200
2056500
1962100
1904100
1940000
1943800
1916100
2203000
2068600
2252500
1958700
1996400
2177200
1942600
1955100
2155000
2487200
2025500
1960900
1983400
2023700
1982400
1985000
2378300
1991300
1990500
2001000
2091700
2000200
2008800
2023400
2497000
2023300
2018400
2022900
2199500
2038400
2060000
2039700
2499800
2247200
2048700
2165400
2185400
2108800
2068900
2378900
2192900
2081300
2163200
2121700
2100600
2092100
2105400
2633000
2108500
2126900
2152700
2172700
2126400
2123200
2193400
2623800
2480800
2223000
2144100
2155400
2202800
2172400
2580500
2299700
2363400
2183200
2174500
2230900
2445200
2917400
2597300
2282900
2214000
2208000
2216500
2215600
2545300
2313400
2308300
2228600
2230400
2241100
2240600
2652800
2275900
2257700
2260900
2264400
2263300
2304400
3080400
2514900
2342200
2286400
2297600
2429200
2325300
2551600
2897800
2316400
2313300
2342500
2327600
2333400
2711300
2345800
2360800
2353600
2370500
2350500
2398000
2659200
2364000
2374800
2380300
2385300
2383200
2386500
2686800
2602100
2408200
2467500
2414300
2420100
2560000
2509500
2428400
2517200
2945900
2446400
2555000
3061400
2938700
2550300
2494600
2463200
2484600
2899600
2554500
2503000
2482200
2498800
2526600
2595200
2687700
2871600
2845600
2514100
2541800
2570900
2966600
2996400
2597300
2595300
2551900
2552200
3133700
2938200
2565600
2569000
2628400
2583400
3267100
3088100
3138800
3150600
3146800
3362400
3086800
2619200
2701300
2622700
2695800
3470600
3199100
3205100
3202600
3014400
2869700
2739400
2688500
2662000
2674000
2709800
6661000
3381600
3178800
2688200
2691500
3532000
3595200
3230200
3450500
4791400
3487900
3673600
3305100
4077900
2943500
2776700
3396800
3092400
2980300
3713600
2973000
5052700
3852800
13136600
13941100
19362900
9739100
4119900
6392200
10558700
4382600
4327600
4718700
4077500
3651000
7572200
6723200
4139300
5684900
3683200
5966500
6579500
4930800
3646100
5634400
19136800
5114400
4747900
7249800
5519900
4875600
5438800
4756800
4172400
10481200
3932400
4182600
6903900
4339500
4767400
8115700
3701100
5506400
5541500
4064000
4120100
3775800
4887000
4308900
3706700
3753000
4107600
3633500
3618900
3750000
4217100
3021100
3020700
3114100
3567900
3730400
3221000
3059600
3224100
3724300
3716900
3731800
3730200
3131100
3102000
3113000
3110900
3096900
3289100
3120800
3112000
3151300
3130200
3227800
3185300
3142900
3135000
3211800
3153700
3162600
3174600
3168000
3490500
3828900
3887700
3809900
3952000
3377400
3209600
3220600
3203700
3661300
4063300
4268800
3939500
3926700
3660800
3665100
3687000
3352000
3306500
3273400
3310300
3309700
3301900
3276800
3315900
3295100
3291600
3758300
3909600
3903400
3737700
3893300
3749400
3397100
3337100
3490800
3770800
3401600
3378100
3500800
3628400
3411900
3374600
3437000
3453900
3474900
3445600
3401400
3831400
4129800
4140200
4143800
4227300
4158200
4166400
4170600
4248700
4184000
4191100
4223000
3740200
3499300
3478600
3478400
4083600
3501800
3489700
3550200
3656200
4027500
4082600
4632600
5173500
4630600
5202300
4555200
4354600
4773600
4907900
4336600
5468100
4450400
3760400
3575500
3607700
3760200
4303800
3750500
3834700
3604800
4356500
4288400
4304400
4341900
4317800
4387500
3969200
4179100
3963600
3750200
3687100
3732200
4062100
3878200
3781200
3880600
3776200
4640400
3793800
4510200
4268700
4047000
3853100
4449900
3789300
4834600
3789000
4050900
4612400
4458500
4640500
4089600
4155800
4022900
3861800
3877000
3840600
4776600
3813400
4456100
4909200
4598400
4329300
4378400
5477000
4418200
4442800
4821400
5164300
4818000
5358400
5602400
6988700
5757500
5317900
4872300
4787000
5383000
5816500
7039200
6465400
6418100
5272500
5491000
4805300
4213700
4349700
4205000
4897900
7685800
4568800
4255800
4295000
4219400
4065200
4927700
7562700
4217700
4030600
6058800
4120200
4132300
4114900
4478100
4112900
4189200
4098400
4717700
4290500
4967400
4957800
4168500
4186900
4130000
4333000
4134000
4251300
4229200
4568000
4507100
4932500
4319800
4671600
4764400
5274100
5331300
4699400
4285000
4253800
5620700
5442800
5343000
6407100
5914800
7329300
6140700
5262000
10553600
5090700
5087300
4348300
4318700
4271000
4505700
4307200
4337700
4287500
4726100
4303300
4316700
4318800
4715000
4382900
4332000
4434400
4485900
4352600
4361900
4452100
4381500
4372500
4454300
4628100
4538500
4392700
4440200
4555600
4416200
4566100
4626000
4465200
4432200
4553000
4500100
4537800
4547500
4457400
4518500
4472700
4507200
4497800
4489300
4844400
4536800
4923500
4810100
4530200
4543600
4675700
4651500
4539200
4703300
4653900
4571600
4568300
4563800
4615800
4589900
4596900
4596200
4600900
4614000
4614200
5189900
4625000
4655900
5056800
6084400
50438100
10371300
6347100
9326500
8493100
7792600
5678400
5078200
7308200
7918000
6961200
5245600
4813600
5279000
6172800
4734800
5180500
5310200
4773600
5052300
7390000
4860900
5114700
5705300
4783300
5098900
5684900
4830200
4841700
5149200
4818900
5082400
4895000
4862800
4862500
4883300
4903500
4927700
5082000
5742100
4892200
5057600
4929100
4940000
4936300
5056100
5428000
5326500
5002900
5713500
5078300
4977200
4980000
5172100
4972300
4969800
5032900
4985800
4993300
5040200
5005800
5041300
6039500
5020800
5073500
5094000
5054400
5729400
6886000
6477000
6582800
6661100
7176800
6365100
5095500
5117200
5098900
5100500
5571700
5270500
5172700
5157100
5200700
5143400
5243600
5251900
5170700
5207800
5176700
5187500
5344800
5302400
5215300
5219600
5209100
5219500
6554800
16953300
6697200
43786300
21361500
15196000
8519200
74247000
19715100
28754000
18029500
21614200
21321700
16183800
42152500
17460900
7613800
5461000
5962600
6114400
5407300
6612200
5572200
5456500
6006500
7847100
5447900
8115900
6157900
10618700
6499300
9768400
5533900
6426500
5759700
5506500
7326400
5527500
5610800
6630200
6525600
8383700
5830600
6274300
7195700
5832100
7629600
6658500
5860700
7000000
6506300
7231800
6123300
6051900
6800600
6102400
8176000
6055100
6077200
7515400
6124200
8237000
5961100
5906000
7459300
6349700
9432600
6415300
6842200
6502900
6972500
9080000
6072400
7112600
5999100
7498700
6004300
6127100
6889300
6617300
8268500
6444700
6495200
7091900
6502600
8604400
6482900
6916800
7207200
6660100
8339500
6668900
7570900
6690900
8262600
6584500
6570100
7206600
5922600
12132300
6268100
6764400
5969300
6072300
7974700
5901200
7086200
6148700
5939900
7874400
6297000
7000600
6804100
8100700
6238400
6278700
6454200
6089800
7080500
7006400
6063600
6972500
6075300
6654500
7092100
6037000
6929800
6079700
6064300
7574700
6060400
6842400
6122600
6117600
8161100
6106200
6951100
6298000
7246600
7119200
6551200
7417900
6192500
7606800
6155200
6278400
7519100
6206500
7461700
6295500
6381700
7173500
6688100
7529600
6247000
6242300
6683200
6336700
7888400
6388400
6283900
7053100
6267900
8141300
6482000
6865500
7858500
6387900
8485300
6367300
7212600
6379300
8534800
6377400
6504100
7532300
7019200
8362500
6469500
6861900
6696600
6560500
8231800
6627900
7050200
6515700
7898700
6939400
6531100
7326100
6546500
8022900
6547000
6723800
7297900
6574000
8106000
6599400
7257400
6702800
6676400
8397900
6623200
7193600
6686800
8237300
6631300
6927500
6736700
6693300
9573500
7143400
8684300
7844700
9454700
7801700
7492300
7645900
8686000
6836700
7382300
6944200
13019400
7752700
8286900
7133900
9857800
6723400
7292300
6991800
8884500
7872900
6940900
7393000
6864300
8185700
6920800
7693000
7069300
9138900
6888100
7820600
7684700
8167500
8274000
6891000
7805200
6928700
9400500
6954500
7867700
7092300
11609100
6939200
10639000
7218200
10098000
7085900
8218100
7088000
9436000
7046800
7895700
7226300
9778400
7106100
8153100
7418900
9441300
7466300
8638900
7442800
8937100
7892500
8598900
7601600
9344300
7562700
8259000
7909600
9580500
7553200
8738900
7467000
9242000
7202700
8935600
7775700
9564000
7162500
8153000
7256100
8738600
7383200
7820800
7408600
7270200
8844100
7285200
7801300
7414500
8658400
7513300
7809100
7446300
8627400
7835400
7568600
7474800
8500900
7466200
7836200
7919900
8203300
8856400
7852300
9158400
8628100
7432400
7599000
7753500
7497400
8632700
7458700
7878500
7495600
9203300
8017400
8075000
7494500
8919200
7567600
7763300
7586600
7716100
7535800
7786100
8996000
8909300
7685500
7671700
9685100
7780100
7562100
8247900
7693800
8245200
7998200
7778800
8117400
7695100
8760300
7721600
8572700
8520800
29551700
10202500
8345700
8108100
8009400
15289200
8360400
8741800
12108200
7948500
8929200
7942600
13318900
8774100
7956100
16230400
9249200
7877800
11881300
9948700
8504000
9245400
8679200
10032000
8065200
9812900
8045100
9987500
8108700
9445200
9602800
8711700
8917500
9423200
10264700
8049100
10120600
8743000
11288300
9233900
9756100
11390600
8364800
10109300
11015400
9245300
10216300
8654700
10777500
9576200
9309800
11243700
9579900
11308900
10807800
8409600
10561300
12619500
10947000
11901700
14665300
12184100
12649700
12166200
11018800
9285300
12238300
10681700
10206800
11001700
11896200
12854200
12869200
33111600
16569000
13648500
17181900
15286900
13785500
16324200
11760300
11402300
13041400
9522400
9811600
12809300
9466300
11460400
11889900
8591500
10179400
10334300
8379000
9366300
8373600
9876400
8528900
9578600
8479100
10004000
8578500
8864900
10209600
8773700
9661400
8509200
10151800
8462300
10154600
10165700
8779200
10097900
9210400
11087700
8856400
9176600
11089000
8624200
9609100
8740000
9793100
8895700
8910200
18231400
53935300
15936300
13861000
11725900
8946200
9032600
8878700
9414100
8974400
8733700
8905800
8695300
8863800
8799200
9307100
8832100
8834500
8777600
8853100
8798800
8857500
9060200
8962700
8830200
9142000
8823800
9296200
8881800
9364900
8933700
9229900
10054600
9736700
11018100
12509600
11377200
11788100
12128200
12936600
11730900
11359300
12045300
9938500
9966000
10317200
9749300
10234400
9950000
9527400
9881600
9248800
16865500
13928700
15634600
14978300
10517800
9342700
11251300
10808600
9968400
10637000
10244200
11401700
10695500
9440200
10134700
10988900
9856200
10254900
9462900
10141100
10121100
9515600
9968300
9697700
9769300
9766900
10656300
10055400
9696300
9813000
9917800
9855300
9829000
9328600
9771300
9324900
9561600
9388100
9343100
9359400
9358200
9906100
9924300
9801600
10929700
9897100
9435400
9732800
9524200
9410600
9485900
9452900
9560700
9695000
9477200
9580100
9631200
9488200
9607400
9495400
10226200
9575500
9747700
9621100
9606200
9540600
9834600
9735900
9596800
9669800
9587900
9623600
10101500
9606800
9760100
9735200
9642000
9698800
9666100
22384200
20663300
29245900
15034400
11330300
12549000
12749200
11138100
14715800
11106600
11814300
11629400
12524600
12712900
12557700
11300200
11742500
12351000
13764400
10636700
11594300
10097700
9955800
9953700
10578900
10895000
10727100
10296400
12759800
12241900
11280500
11453800
11745900
12664000
75271800
17069100
24629700
10074500
10842900
11476200
10241400
10198500
10019000
10050000
10047000
10520500
10301300
10075200
10144300
10130000
10257200
11003500
10305000
10138100
10179500
10238900
10149200
11034100
10184000
10180200
10302400
10210300
10196100
10978500
10297000
10228200
10271500
10264300
10251900
10859700
10389700
10400600
11302100
17366000
13633200
11784600
10964000
13546900
13068500
12140300
11612300
12620300
12237300
13021900
11362700
13962900
12664200
11484500
10971300
12107700
11781800
10922000
12205900
12661200
12207700
12641900
11249000
13059200
11776200
11642300
11876000
11934200
11801300
12084600
11784700
11913300
11890500
12584800
11092100
10787200
12009600
11543000
12260200
10681300
10942200
10712400
10712200
10689000
11934400
12581100
10850900
10723500
10870900
11424500
11011200
12720300
13551800
12801600
11717600
11690500
11929600
11531900
12236600
12287200
11829900
12866100
12997100
11258900
12351100
12380200
13526800
11719400
12692300
14105600
11025000
11484700
11021500
11433000
10968000
10975900
11026800
11126000
11033100
11071200
11122600
11121900
11082900
11086200
11966800
12625000
11216200
13000100
12147400
13748500
12051400
12967200
12199200
12188900
12307800
12677800
12458500
11885500
12228900
11581600
11630100
11413400
12504900
12309400
11259900
11896500
11978000
11559800
11480400
26273600
38373100
11443300
11384200
11486700
11594900
11371700
11601100
12071200
12702500
13483500
12515200
11759500
12746100
14159200
11774000
12458000
12821500
14026500
12013900
14780600
17842600
16221700
22184100
17270400
16837400
17825300
17857900
16257500
19335200
19617600
15904300
11837700
11852900
11822000
12975200
11654700
11593500
11695900
11799700
11890400
11897400
12269300
12822400
13161300
17093400
14513800
16465300
18814900
19592800
18981800
18349900
16878900
13979200
11937700
11923300
12177400
13268200
11828900
12424000
12135000
12004600
11979200
11935600
12604900
12542200
11937500
12840100
11970700
11902100
11904500
11932200
12626500
13003600
12306900
12414100
12255700
12654600
12892500
12913200
12893400
12888800
12657400
12870100
13290600
12192200
12389700
12601600
13162000
12515600
12712700
12597100
12936700
12259900
13351700
12845600
12877200
12609200
12420000
13192700
12548700
12999000
12633500
12408000
12841700
13096700
12535700
12859100
12670100
12738500
12763400
12527100
13502400
14007100
14127300
14647700
13986300
14282300
14574600
14284500
14217500
14603900
14252400
13964500
15370200
14624700
15710900
15105500
14236700
14837500
18269600
22254300
21465200
20089400
15553400
15554700
14417700
14003300
13967100
13502600
14004300
14381000
14508300
13357500
14119000
13902500
13362600
13338600
13395200
13334500
13378300
13351200
13470400
13387600
13353800
13519400
13675100
13915700
13691800
13521100
13644800
13716800
13543900
13698700
13750400
13747700
14121000
13613800
13851900
13780600
13795700
13750200
13800500
13682100
13777200
13398100
13036700
13021800
13002100
12959800
13175000
13341400
13048800
14057200
13417600
13805800
13148700
13513900
13629100
13662700
13597900
13503700
13758300
13393200
13566900
13685700
14334700
13715600
13632400
13513000
13623800
13677100
14059900
13595100
13641400
13638000
13628600
13607700
13693600
13427400
13459700
13358700
13273600
13400200
14260100
13802800
13757600
14177000
14365100
14097300
13910100
13721000
13777300
13783900
14164600
14142000
13941600
14267900
14259900
14223400
14164600
14174000
14176100
14210300
14209400
14203900
14222300
14221200
14279600
14448200
13969400
14227700
14226800
14174300
14164700
14201200
14847600
13952800
14380400
14305200
14117500
14039900
13975900
13976700
13819000
13709300
13833800
13882100
13992200
13896700
13870200
13783500
14760400
14933600
15023500
15120900
15412300
15056400
15064100
14912400
15026000
14343600
14690600
14421700
14336800
14321400
14203700
14192000
14330800
14129400
14293300
14216400
14393800
14205100
14186600
14282500
14262000
14236800
14857500
14443700
14155800
14114400
14592500
18021100
14925200
15614200
15709500
14308700
14210700
14374300
17777700
18403700
17287200
15542000
16879400
16061400
15348900
16199600
16690100
15697700
15897000
14860600
16249700
15185700
14744000
15545900
15979300
14851800
15152400
15191500
16766700
16570500
15741000
15507200
15783400
15626000
15698800
14956500
15380800
16355000
16498300
15447200
17263000
18317500
17366800
16386800
17084000
17843800
16707600
15945700
16672400
18336000
16586300
18273700
17736200
20544900
19789100
15199500
15820500
15429400
17065200
16196800
16344000
15224200
15141600
16294400
15497200
16194500
15601100
15141900
14865700
15278800
15389600
16209400
15195000
15056300
15207900
15219800
15777100
16257300
15644500
15422400
15228500
16545100
15194100
16627600
16795100
20984800
77127300
25559600
31000700
29667100
22099300
21502100
22961800
21817100
24308600
22779300
24899500
23099500
15553500
15200800
15354100
15272600
15192100
15135400
15318000
15228900
15163900
15247300
15196100
15222900
15224800
15243400
16012000
15331500
15330900
15295600
15346600
15348900
15337000
15441400
15321300
15340900
15433800
15357600
15393600
15463000
15473800
15431800
15431900
15410800
15445300
15452000
15519200
15475600
15483300
15555700
15507200
15522000
16126400
15605200
15581000
16095000
15563000
15792800
15725900
15628800
15711700
15649600
15733900
16120000
15863500
15693300
15801500
15747700
15682600
15729000
15747900
16430200
15857200
15754200
15793000
15888700
21460600
21736400
16732600
16149900
15886700
15844100
15874400
15844300
15942000
16081100
15924900
15886800
15918800
15971200
15923000
18656300
29082100
26422000
23003100
21717500
23724300
21273000
20364400
20820600
21373500
17665300
18217600
18160300
19011200
18384500
17573900
20710300
21021000
20725200
20311200
19523700
17391900
18848400
17108500
17726300
19252400
17240900
16844100
19052400
22333400
19832800
18187000
17492200
18855700
17072200
19431800
18808700
18516500
18120600
17461700
18655500
18908100
20335900
19372500
17804200
18280800
18857200
17399200
17694900
17971400
18160400
19791700
21767200
20260500
17944000
17996700
17768300
18242200
17423600
17328000
17898300
17119400
17255800
17881400
17286000
17178500
17136400
16791500
17120000
17417300
17070700
17530300
17309500
18090900
18277800
18092400
18490200
18238500
18583600
17894700
19951100
17823800
17828000
17729400
18859200
17750100
17823200
17772300
17807000
19843900
17833600
18434400
17826500
17831400
17956600
17843700
17872300
17924300
19356200
18102400
18002700
17991500
18153900
18013800
18013100
17730200
17100400
17163500
17140200
17163100
17262500
17770300
19147700
19075900
18266400
18536500
18573400
18768000
20088200
20106300
18888500
17877000
19342800
18783500
23652400
19913200
17359600
17517300
17384900
17472100
17364600
17377400
17420100
17402700
17464800
17431500
17421700
17447100
17503100
17468900
17817800
17838700
17746300
17639700
20069400
20752900
20957500
20883800
20283700
19993200
19452800
20147200
23908100
17969500
18086300
18779700
18440200
18744800
18185400
21399500
20148700
19194500
20285000
21472700
19836200
19345200
20367200
20580200
20352100
20983200
20662400
20739400
20825500
20799300
20313200
20105300
20177800
20272000
19936700
19926800
19887800
19967400
20107300
20646800
20277300
20371700
20269000
20421200
21494200
26463100
26095000
27261300
28617500
21389200
21044100
21226000
20663100
20478000
19677200
18196500
18254700
18171200
18453800
18192100
18233100
18283800
18247200
18275800
18827300
19640100
18953800
19322700
19031200
19951400
18807800
20559700
18988700
18946600
19141100
20269400
20194700
19265400
18711400
18633100
18510800
19112700
19204000
18924500
19117800
19790500
19589600
19064500
19721000
19466100
19057700
20572300
19444600
19239800
19673300
18805900
19562300
20031800
20223400
20095200
21950200
23926700
23455600
19576800
18832200
19988300
19222200
20248700
21146300
20334900
19530300
20033600
19488600
20626800
19797700
19570500
20428200
18950100
19038700
18974700
19032800
18960200
18928900
18970600
18992000
19645900
18997900
18997000
19015400
20178400
19049700
19018200
19061100
19062700
19162000
20222500
19989100
20693700
21090300
20676700
22271900
21134700
21802000
21146000
20776900
21349200
21914500
20716700
20417200
20397100
20336500
20451500
20759400
20590800
20458800
20313600
20346800
20599900
20585500
20381900
20513600
20433100
21007800
20466600
20533400
20015600
20482700
20407100
19993200
20222000
20023500
20452900
20044300
20187300
20280000
19731700
19592400
19593900
19668500
19616800
19672000
19688000
19648400
19710500
19860300
19889900
19971000
19897100
22414400
20282800
20117800
20897000
21300100
21552200
20722700
20169300
20296100
20537500
20506200
20685500
22544700
23047400
26922000
20405600
20165300
20101800
20764200
20332600
20223500
20373100
20554300
20601500
20871900
20418900
20866400
20472000
20541100
20566200
20426100
20412400
20297100
20174500
20547800
20524600
20718400
20510100
20900900
20901600
20803500
20934000
21526900
21486900
20700700
20401600
20881900
20938600
20780900
21322500
21555900
20762500
21047600
20999000
21345300
20936100
21431700
21286600
21174600
23203400
21053400
21304000
20985600
20883700
20767700
20800400
21185400
20851000
20795900
21448600
21134100
22331400
21372400
21442400
21475400
21554900
21228400
21348400
21299500
23987400
21539800
21330500
21402800
20878200
20865100
20828500
20790500
20817700
21091900
21134400
21641700
21314200
21156000
21151600
21319800
21082600
20935700
21237900
21348000
21601900
23923600
28970300
33591400
29874600
38628100
41048500
23920200
23478000
23523900
23222100
21490200
23137700
21275900
23042000
22888700
23791000
22354700
23877700
21927700
23149300
22210400
21651000
22018000
23105600
21864500
21475600
21312600
22273300
22522400
22521400
22243400
22332800
22883900
22055000
23343700
21879700
22177800
21954800
23006800
22299300
22327700
22008700
21700200
21636700
21653800
22037700
22691500
22314400
22715300
23802100
27252200
29548700
27118900
22350500
23006100
21622400
21733700
21698100
21753600
22245100
22389900
22683500
22762500
22346000
22351800
22683100
22685700
23222200
22081900
21862000
22454400
24139600
24240700
23980500
25636500
26031000
29454600
22672000
22662400
22362800
22498800
22645400
22621100
22965800
22238900
22024200
22089000
22044000
24400900
23719100
22595400
22506500
22776900
22808700
22751800
22810800
22816800
22641400
22706500
22634500
22997400
23287900
25238100
24438700
23894600
25079700
24791900
23132500
23327400
24664900
26132700
28291600
25481900
22371600
22423300
22389100
22434900
22482500
22472700
22470100
22496300
22555400
22493800
22512200
22799100
22561400
22523100
23014900
22877300
22729200
22801500
22748900
23244400
22659700
22818900
23188400
23707300
23207700
23075200
23312000
23389400
22766200
22851600
22789300
22785200
22888100
22830400
22793000
23052900
22941800
22828600
22926300
22845800
23010200
22933700
22998800
23328000
23322500
23459900
23311800
59261200
33480800
23509100
23620800
23442000
23588300
23392100
23602300
23808500
23436100
23458100
23257200
23239600
23774600
23318900
23183700
23192300
23394500
23234400
23217700
23212300
23315800
23829300
23323700
23484800
23337000
23500000
24620400
23384500
24079100
23407600
23474300
23947800
23399000
23559500
23518800
23460700
23480400
24501500
24841700
25277300
24410700
24820500
24326700
24483500
24941300
25059500
24443300
24988700
24211200
24031500
28461000
31351100
29377400
34165100
27501400
24348200
26963900
24449900
23995800
24092400
24647700
24379800
24224700
24181100
24151500
24735700
25979400
25097000
25436500
24792500
25002900
24943000
25355500
24986100
24362600
24021100
24039700
24065500
24128600
24036500
24102000
25141200
25464400
25771500
26082000
26169400
26145200
25868100
25102800
24467900
24241600
27174900
24238600
24482200
26739200
31612700
25506300
25007400
26183400
27127400
25400500
25240800
25091600
24601800
24742500
24357100
24585100
24552700
25683400
24862000
24759600
25083400
25752700
24867700
25035700
24915600
25134500
24919700
25003100
24942800
24930800
25008600
27156900
27876200
27216700
25226500
27087600
26314900
24833400
26824800
31576600
30301000
30218600
24987300
25230300
26123600
26162000
25461800
25355700
25009200
26927800
25398200
25553500
25177600
25552400
25329400
25434500
25223000
25229900
24964200
25034600
25071600
25028300
26188100
25529400
25077900
25348100
25229000
25075300
25446600
25240900
25327300
25175700
25134800
28630500
25232000
25255000
25337800
25315700
26964300
26417100
25853200
25452300
25748900
26085200
25484800
25374800
25802100
25387500
25428900
25467500
25534500
25442300
25420700
25477700
26049600
25833300
25476100
25540900
25536600
26017600
26401900
26783900
29061600
28072200
29804000
27516700
30329400
27676200
28166600
27957900
28281500
27422000
26040300
25740900
25860400
25806400
25791700
26131500
25903200
26218000
26629800
26371000
26423600
26492400
27149000
26384000
25929700
26009200
25958400
25980300
26021600
26073500
26944100
26229600
26645500
26417600
26397500
26316800
26192400
26432800
26302600
26294500
26178600
26299300
26151200
26268200
26561600
26756400
26725300
26596000
26345300
27039100
33759800
32503200
36442200
26766700
27292900
26440300
26368400
26824400
26553100
27456000
26549200
26427000
26412800
26568200
26680300
27096400
26609400
27509600
26675800
26513900
26515700
26615800
26732000
26998700
26685100
26807000
26925600
26894500
27045500
26671900
26727800
26757800
27165700
26970700
26844900
27786400
27311100
27270700
27497600
28348200
34409600
34140600
27634600
27153100
27283700
28915800
28893200
27854800
29869000
27112700
29441200
30428200
32014600
35901800
27536300
27479800
27717000
30095500
27855300
28966900
28749400
28257700
28475600
28975800
30251600
31526100
34137900
32177400
32195300
29485800
27943700
28678900
27399000
28144600
27765600
28769500
27816700
27500900
27411900
28359100
28568700
27834000
27589900
27705200
28794500
28037000
27700500
28425200
28558500
27949500
27605500
27897800
27666900
27627600
27539600
27602300
27675100
27598600
27622700
30069200
28292400
28200000
28255500
27735800
27745900
28885600
27783000
27875300
28083200
27929300
28535900
28078600
27866900
28025500
27949900
28281700
28082100
27997000
28073900
28792200
28129500
28049500
28121900
28918500
28140800
28252400
32748800
51619100
35108500
35532200
32241800
32623300
29489400
28652000
28360500
28232600
28150400
28218000
28932100
28332200
28255000
30787700
28468900
28318100
28454500
28396800
28296400
28313800
28353500
28331600
29205800
28529300
29205700
29242000
63147300
44870000
39215600
36372000
36094900
33766100
33132900
32882600
36546600
34843400
35650400
37356000
38207500
33821500
32525800
40517800
50419900
38924200
40179800
34975000
30511000
30419500
31686400
33613400
30854000
30650300
31824000
31318600
30654400
30551400
32119300
32466700
32163000
31615800
29575000
29410400
33120000
29101800
31388200
30019900
30125300
29170600
32795300
38135900
29451000
29057400
29205000
29088400
29201300
30036400
31344800
31909800
40304500
30356000
30423800
29568100
30286500
30146400
31133200
30784500
30308700
30211900
32985300
31580100
31092600
29865200
29507700
29542400
29671300
29603900
29493300
29533900
29599800
29608900
30368000
64291200
35695600
30486900
30504200
30215900
30501700
30438500
30623500
30331500
30219500
29675600
29693100
29778500
29688700
29746100
29858500
29881300
29741700
29775600
29988700
29783700
29823700
29858600
29950500
29835200
32444700
29881700
29918800
30012600
29950700
30010100
30034200
30118600
30448700
30131200
30165100
31847300
31522000
31338900
31792500
32320700
32896800
31043200
30297900
30513800
30325800
30251700
30286000
30305400
30352300
30433900
30423500
31172600
30820200
32492300
32217100
31672500
31585600
31128300
31597900
31263300
30716300
31103700
30671200
30544800
30498500
30609300
30479200
31514200
31649000
32305900
31633700
32120600
31816900
31307500
31867700
31906800
30788800
30658800
30695700
30700900
30743400
30696200
31472000
32368000
32552900
32179400
32076100
32005000
32381600
31264600
30955400
31751100
31090700
31032900
31068000
31380500
32866000
32701800
39108500
43445300
40926800
44760300
36861600
32157000
35059000
35648800
33578300
36507900
39978100
35372200
32440700
33145100
32752000
34571000
33107200
32349500
31567200
31320100
31278200
31322900
31361100
31428800
31444900
31487200
32403200
31697900
33057600
32727400
32656700
31575000
31762700
31643900
39668600
36218400
32340900
32869200
33068600
32396600
31817300
32830100
31868200
32732300
32828000
32534400
32966500
34153500
32839000
32690300
32324100
31940700
32458600
33695600
33190400
33049200
33688000
33039000
32728100
32326200
32090400
32167000
33602300
33805900
32173800
32253700
32395300
33209700
32428800
32474800
32468500
32677300
32662100
32797500
32783800
32561000
33453500
33266200
32721200
32687100
32648700
32491600
32405000
32453600
32704500
32797300
32724300
32530800
32785700
32822100
32444200
32510400
32430300
32675000
32573900
32518300
32624700
32601600
33477200
32692600
32715400
32911200
32534100
32523100
33074600
33110000
32661700
33000000
32729500
32765600
32844000
32777200
32810300
32842400
32950400
32878700
32909200
32874100
33005100
32932300
32986600
32816500
32829100
32950400
32901000
32898800
32970500
33074300
33545000
33169700
33069900
33136300
33238900
33239700
34570900
33201700
33139000
34027600
36104100
36373800
40416000
39925100
39710200
36512900
37992400
39988200
34403400
33489000
33647900
38165600
43000900
43978000
34262700
33595200
34302900
33510100
34392100
33580700
33498700
33534700
33650600
34469300
33615800
33654300
33472200
33700600
34356900
33600700
34002700
33586000
33600200
33745800
33654000
33694200
33800700
33845600
33805900
33764500
33969900
33854600
34106100
39844700
38446500
34910900
33916900
33922200
33951300
33842200
35946600
33983000
33899800
37038200
34118900
34051300
34895300
34231800
34084000
34268100
34128900
34196800
34135400
34064600
34063000
34107400
34206300
34149200
34148300
34220800
34173800
35013700
34301100
34762700
34777500
34278700
34313500
34347200
34498200
34417800
34814000
34454400
34600000
34533100
34631400
34554400
34728000
34837600
34527700
34487500
34473200
35377600
34796300
34654100
34643600
34762200
34670500
34701900
34780100
34818200
34894300
34817000
35323000
35696300
34848900
34826100
36067900
34933200
34993000
35035900
34907200
35039500
34965900
34950600
35897600
35229100
35009800
35117600
34920200
35130400
35227200
35119200
35107000
35189700
35189400
35153100
35226100
35174600
35444300
36262100
35244200
35710000
35547800
38644300
45676100
35218500
35221300
35389600
35470600
35457100
35396700
35372700
36267600
35533100
35561600
35495100
35388500
35373900
35460300
35454700
38689000
36412000
35794000
35501000
41450100
44596500
45083400
35838200
37102900
35677400
35672500
35915200
35683500
35658900
35663300
35724800
35730600
35743900
35750000
35772100
36471300
35848000
35860200
35867300
35804000
36064300
35868800
36135700
36022800
36030500
36051400
36752900
36086100
36038600
44301100
42542300
36025600
36098000
36511000
36454800
36294500
36137400
36408900
36175500
36960400
36271900
36325600
36436700
36381300
36256900
36399600
36427000
36669800
36428400
36683600
36553900
36567400
36498500
36542700
36464300
36586800
37982900
36475900
36460400
36586800
36608000
37365300
36656800
36554500
36580700
36596700
36583100
36901300
36742600
37049400
37342100
36825800
37546700
36898300
36893400
36948300
36914200
36920000
36930800
36905500
37572900
36858900
36839400
37190400
37022500
37066500
37380400
37256200
36996600
36991500
36984400
37023100
37056500
37266500
39726000
37149300
38191400
40712300
42965400
43735200
37206700
37411500
37580700
37421800
37502200
37431100
37324000
37269700
37275600
37914800
37651900
37344500
37442900
37463500
38567500
38644500
37549000
39420900
37592400
39316000
39575900
37708900
37703700
38291600
37579300
37747900
37955000
38888200
40929200
40053700
41027800
37985500
37790600
46422300
49755700
41229300
37905600
38833700
37875200
38643500
37971300
37903000
37899800
38005200
38072100
37965000
38018100
37947200
37954000
37972000
37994300
38191200
38186100
38196500
38288800
38251900
38359000
38267600
38267800
38252600
38245700
44759900
44336300
38691700
38378300
38959800
38379400
38670200
38814700
38363800
38629300
38393500
38348000
39721600
39255700
38683300
38604200
38753500
38709600
38664300
38620500
38678100
38848800
38755800
38647400
38950700
38838400
38689300
39279800
38628600
38697700
38779100
40128900
38847800
38819800
38716400
38808100
38739900
38999600
38898500
38851600
38976500
38872500
38973800
38963700
38905900
39630200
39173900
44422100
43540000
42838400
40441800
44041100
45621800
40560800
39553200
40422500
39524700
41127800
40681100
41417100
40919300
40244800
40513900
39454900
40427400
40014800
41788500
41564100
41815500
40969700
41071500
40884900
40916200
40004700
41364100
39669700
42699100
44711000
42662600
42104100
40762000
40032900
41520800
40338100
41815400
42234400
42335000
44373600
42359200
41877600
40146500
41702200
42457700
41478300
42622000
41265300
43893300
52298000
56889800
42220000
42223000
41998900
44147200
42640900
42106800
42468100
43223000
42203200
40614600
40759800
40671000
41931400
41063300
40876200
40745400
40761600
40917700
41231300
40319300
40250800
40363100
40821000
41567800
57876000
41301700
40567700
40752600
40551300
40937600
40726400
47780200
41489000
41967400
43027200
42838000
42791200
42820900
43473800
44214300
42667300
42685800
42702900
42942400
44113300
43395900
41403300
44878700
43223000
41601100
42961000
42323400
42084700
46911600
44114500
46662700
43319400
46766900
49336800
42639800
41541300
41155800
42662700
41406800
41328100
42168400
41149800
43743900
42026100
42685900
42183300
42587400
41573900
41195600
41286900
42740000
41611100
42483900
41456800
45079000
41423800
41375200
42512300
41629500
41385800
41954800
42194400
41424500
41970100
41603500
41664700
41852900
42095000
42266900
41876700
42229100
41738400
41923300
41746300
41696600
41742300
41614100
43204800
42051400
41954900
42046300
41722600
42606800
42376400
42045800
42149700
41830700
42010000
43874600
46201300
58956600
59368600
48235700
42084000
42109000
42093200
42336100
42052200
42165900
42055800
42278300
42206000
42604400
42327400
43546600
42349400
42264200
42493000
42347900
42386400
42648400
42487800
42543600
42306200
42510600
42602100
56420900
42521500
42571600
42434900
43098200
43531000
42463700
42446300
44883500
42738800
42574700
42520400
45239800
42745400
44036500
47421000
45297100
43087300
46075400
49037500
51224100
43109800
43220700
43140800
43142700
43043200
42847600
43691200
42942200
43036500
43091800
43030200
43401000
43906400
42915800
43365800
44795100
43280300
43031600
46380400
43146100
43904800
43243900
44520800
43489500
43387600
43364000
43262000
45188200
43720100
43249800
43302700
47698300
43664400
43310200
43418900
43515200
43998500
43478500
43360900
44114100
43614700
43725900
45500500
44483000
43606400
43726100
43999700
43675600
44783000
43874900
43773400
44237800
44074000
43794900
44841400
44236500
43860100
43811600
43739000
43931000
44074900
44010500
44170800
44467100
44056600
44088900
48058300
54976100
58143800
47246200
47000000
46558200
46610600
46500400
46233800
44263300
44241700
44142300
44080900
44694200
44322100
47321700
44547400
44632900
44341000
44381900
44628500
44622600
44586400
44849000
49419000
50303900
44635100
49892100
47973600
46767000
49768400
50523400
53536000
44524400
44640600
44483900
44563400
44653400
44647600
44807900
44808800
45423100
44842300
45483300
48760400
45041400
44952400
45266300
44935800
45766100
44965600
44941400
45203500
45059800
45388400
45387800
45032300
45066000
44927200
45585100
45146800
45260600
45278100
45791000
45177600
45351000
45407200
45575200
45677400
45713400
45399000
46482000
45172100
45601600
45346900
45412400
45694100
45579400
46440300
45560900
45794600
46850400
46054900
45412400
45697000
45648800
45398600
45537800
45472500
45813100
46028200
45721000
45506900
46073300
46125500
45898200
45769200
45714400
47279100
45871500
46265500
46054500
46066900
46502400
45837500
46010900
45978900
46409000
46852300
54286300
62978100
55371200
54066400
53837500
51294400
54886500
56773200
48760900
49776100
49976500
47717700
46874100
51515000
52423200
53473900
53557000
52692900
58066000
50832000
51180600
59445900
49997200
47825900
47553800
47713800
50572300
51195500
52881400
49312100
49026500
47689000
49513800
49968600
49065100
48919300
49429800
47417800
47794300
48525100
48730500
47454300
46734500
46916800
47981200
47778200
46804200
46748900
46739600
46892600
46929400
47900300
46984500
47096500
46957000
46907800
47219000
49016300
47572500
47061900
47070300
47118400
47313700
47214800
47173000
47306900
47193100
47436300
47572600
47225000
47673900
47535600
48349600
47188900
47566200
48306900
47655400
47385600
47720500
47381500
47583300
47510200
47660100
48148300
47484200
47400600
48357500
49986400
47617500
48285600
47667600
47741300
47726200
47987800
47732800
48093300
48155900
48750700
47654300
47872200
48107000
47923400
59375100
61749000
48015500
52583700
50121400
52265500
54585900
52050500
54859100
48257300
47938900
47913900
47929500
48740000
49758900
48350400
48154700
48264600
48769400
50346400
49938700
52106200
63646800
49238200
49331600
53712300
50298100
53207100
53132000
49433400
48520500
49204500
48600300
48683700
48633100
48621500
48616000
48951300
48528300
48540100
48559200
52721600
48755900
49071600
49237200
48801100
49075500
82605900
71905000
64550000
59622800
59065600
58651300
56599500
56125800
56971600
54861500
98190000
53598000
53250600
49113600
50211900
52187400
53105600
52844500
53088000
52448000
53389300
51833900
54608500
53195700
51847800
51214200
52943900
54215700
52942600
52678400
51964500
52178400
51904000
52422900
52716500
51962200
51853700
53400600
49959100
50529000
55761600
51310500
50400700
55175300
59957800
50971600
49491400
49508200
51350800
50804300
51075900
50758900
52768100
51425300
51826600
52622800
53175800
50408800
58549900
60479900
49867100
49799000
49742900
51838500
50784700
50820300
50860600
50251100
51505100
52826800
51729700
51562100
51172400
50894900
50800000
50672500
50500100
51020200
51141100
61986700
50822700
51326900
50630300
50870300
50652900
51639300
50662700
54745500
55470500
52081800
51891800
51090400
51335400
52000400
51426200
50805900
50540000
50828000
52425600
51969900
50902500
50981000
51351700
51292700
51257200
51062000
51206500
52070500
51487500
53306000
52229500
51498800
52254000
51625000
51445900
51141300
51334600
51680100
51864000
51356100
54367300
51053300
52855500
50961200
51367100
51694000
53214500
54519200
53716200
55836800
60622600
58558600
55719800
59347600
53470500
54298400
54789600
55207700
51717200
51513100
52730200
51689400
51413400
51729200
51527200
51442200
54411700
51692100
52923000
51866200
52156400
51498000
52793600
55640400
57770500
60648300
57482600
55698700
54738300
54898600
58137300
57563200
59479400
57583400
56905300
52578300
52365400
58100200
55434200
55197700
61747400
65922000
57008400
54220800
52958100
52124300
52150100
52139500
52906800
52255900
52082800
53663900
53979200
55569900
56621700
56995500
58643300
55771000
53109800
52767000
60174300
84810100
69815900
63147100
52691800
52479700
52751600
53585700
52822300
52540400
53637000
53865800
53400600
53182500
53483500
53614100
54578600
54684800
55968700
64225400
73152600
55944200
56507200
52936100
53252200
57834700
57317800
56780900
55863600
61528300
58459000
54726400
53251700
54240900
53298200
54329100
54256000
53941100
54376200
55037700
54436700
53991800
54041400
53598000
54042400
54246100
53601700
54055200
53924100
53913200
53815800
54116800
53494200
55541800
53512000
57777600
59243700
56665000
56008400
55826400
54724000
53506700
53692200
53502600
54729500
54405100
55261800
53810300
54513100
54106000
53851600
55914500
55129900
54879600
53804100
55835500
57414900
57511100
54956700
56668100
55006900
54349400
53994600
56818800
54167700
54381300
53999400
54157700
54100300
54057600
54167200
55612900
55086300
57047500
55099600
64743200
69356100
56378100
59320500
58446200
68641900
55663700
54546400
54390300
54390000
60288100
54551100
55360000
55409800
54492000
57490100
57622800
57221700
58706200
70793700
60225500
107636000
56133200
55949600
56631900
55772000
56225100
55441800
56478800
54883900
55977800
54862100
55450300
54851600
57616500
54996400
54812500
55139600
54916600
55584600
55346100
55044600
55045500
55187900
56547100
57949700
55212600
56531900
55834600
55503800
55778800
56180300
55510000
55436600
55292200
55762100
55469400
55318100
55506200
55591500
55514100
55762200
55552900
55451000
55466700
55446300
56298800
55676200
55706400
55562100
55648200
56120800
56068000
55890000
56004400
55814000
55919300
55969400
56524400
56012200
58840800
64206700
59754000
69800700
55972400
56105200
71826000
63320600
60243800
55967200
56434100
56434200
56729000
57502900
56247300
56910900
56508700
56557800
58843500
56186400
57447900
56413900
56486900
57475500
56423400
56972100
57954500
59338900
57490900
57101800
57038600
57013800
63468000
73881300
66851200
59976700
59031200
58557700
61514600
57748200
59787700
57522800
59603500
103004600
74465500
86839600
69786500
69277200
75051800
78189700
72233200
65836700
61425100
60317000
60155600
60159100
61474200
58422100
58407900
64620000
64686700
60145800
60415700
59283600
60133400
57786200
57328600
57269300
57181100
58093600
58258700
58611100
62178100
60792000
59369500
71571200
58660100
59004400
57467600
57430100
60061200
58527800
58035600
58499200
58107100
59576100
58134600
58313200
58345100
58441500
58615800
58370500
58809300
59665200
58858200
58782800
58604200
58542500
58879700
58291700
58830900
57919400
57988000
58336900
58963300
58913000
59671700
58935400
58974000
59188500
59292200
58915300
59361500
58813600
61665700
60825900
58841600
58980900
59057700
59036300
59377500
58993200
59510500
58517400
58799400
59111000
59810200
59674000
59181900
60431500
58362600
59462500
60473300
61695800
58495200
58663700
58754600
58685000
58788700
59167600
59109600
58878600
58994700
58721400
58726200
59567100
74779200
71555100
63892500
66179800
69243800
59850100
61502300
61354300
62007200
59763200
58991000
59005000
60049300
62344500
62029300
61156800
59632200
69603400
59631600
59332200
59592900
59767300
59244300
59338000
59402800
59367400
60129000
59463000
59285300
59453000
59467100
59435800
59474200
59434300
59731000
59572600
59709400
62163500
60469000
60614600
59994900
59931100
60601100
60503500
60868200
60572800
60903700
61207700
61005200
61237600
67386900
69266500
70454400
60196500
60382900
59895100
60700400
60367000
60977600
61118900
59934800
60073100
60240200
61075100
60170400
60100200
62786000
64085800
60126900
60188300
60354400
60358200
60543200
60508900
61152200
63628500
64213600
67818600
60342600
60408900
60860800
62986200
61740200
61199000
62866400
64145700
66304700
63589900
62994200
63822300
61419500
61310600
61026000
60918300
64250300
69004800
63948600
61246000
60818400
63429200
61475800
60818800
61023800
62015800
61146500
61087900
61482500
62568300
68918700
63012800
63206000
62275100
62146700
76312900
67883900
61130800
64174100
63438900
63906500
62751300
63833400
64892600
67190800
119092600
64964600
64558200
70932600
70258700
64751500
76850600
61561700
61444400
61646800
61652300
63162400
61606500
61602200
63033100
64156900
63693900
62977300
61878800
64672000
71583400
69390900
71469500
74437500
62921300
61892600
61894900
62314200
61919000
64274700
65415800
66924000
65793000
65945900
72516600
63134100
64271900
64076300
64967800
63133600
62263900
63352500
64427500
64841600
63456100
64170700
63727100
65461600
64766600
64736600
64737100
62923200
62487100
62543600
62499200
62650000
71316200
67675600
65953100
64746900
63724700
62871700
64515600
63262900
63120000
63269000
65409900
68012800
64075200
63969600
62880600
62835100
66958800
62921200
64832300
66317600
65300500
64003500
63104800
63042300
63069100
63549500
63599400
64942400
67810700
76032100
80481500
79555700
66187400
65827700
68566600
69882200
64448100
67200000
65752600
66349600
68503100
66885200
63716000
65034900
65216600
67568600
84664900
73025900
63764200
63552800
64304600
66895800
66838500
65887000
64617300
64061400
63829800
63798800
65803100
67131600
65308300
65755000
72524200
80152100
65278900
64114200
64735900
64297000
64110400
64649400
64931000
64392900
65083500
65303000
67145600
67311400
66810000
67299900
67183200
65614500
65317200
65118200
66755200
68438200
64812000
64756900
64805700
66174900
68162500
66083600
67765100
67522000
67997000
67149500
66539100
67123700
67941700
66770000
72212000
72432700
66227900
88588700
71878600
69792500
66756700
64856200
64873300
67609700
67728500
67891100
66146300
64957200
64931200
65143900
68747600
65972300
66055700
66280900
66144300
66592100
66787900
70416200
65395400
66346200
66017300
66821500
67709500
67221700
66518500
66826500
66291200
66126300
66828400
67112900
66737400
66766400
67385800
69743300
70241200
67122700
65921900
65583000
66163200
66882000
68447500
68406100
69997400
68614600
67897500
66915000
67485000
65977100
66931000
66967000
66625500
67411500
70350200
68229700
68032600
69747200
84283400
67267300
67091100
66422400
68242600
67066000
76139300
73763800
66136300
66802100
66401700
66289900
66275100
67079600
66280000
73689300
70675000
67814900
66331300
66516500
72432900
78227400
69184000
68847300
67490500
70140900
66658200
67502200
66657900
66724200
66731300
66690400
66731900
66650400
66719600
66774500
66728000
66943300
67017300
66870300
67431400
66952000
67666100
67043600
67312200
67094100
67102600
67056700
67012500
67247200
67138100
67036200
67079900
67191500
67093300
67989900
67312200
67517800
67275300
67295200
67357900
68394600
72522400
74249800
73214900
73251400
76240100
71057000
75785600
71594700
76687500
77304000
78702900
71173100
69094700
68359300
67699100
68356100
69262000
68116900
69238900
69064200
67936600
69116900
67968400
73864000
71149300
69694900
69040700
68916000
69841000
70772700
68277400
68668400
68706300
68219000
68359000
68536200
68483500
70412400
69355400
69099300
68328100
68896500
71975500
68348900
68381300
69281400
81058400
80975400
70029800
70541500
70608400
86160200
78160000
69950500
69959500
70046800
70124700
69691300
69935500
69669900
70742400
70096400
70127600
68774100
69004900
69189800
79470500
70257200
70885000
70630400
76181800
75558100
87653000
70595900
69313000
73756500
70742600
70987600
69770400
69922100
75785700
110947100
69496200
69541600
69544100
69454300
70044500
72226300
69566200
70898800
70427800
70236500
71250600
82894000
71933300
70339000
70089900
71888900
70366600
69929200
70607900
70814500
71702200
71462500
71924800
72814800
71687800
73073300
70095600
70077000
70397700
70354900
70215100
72818000
70499100
70200500
70800400
70600200
71073400
71300200
75946600
73060700
73673400
71944200
71183200
70695300
71418100
71035700
70687200
71003400
72004100
72055700
73445000
77302900
88950200
78796600
75282300
76952000
76051100
75870900
76602500
79926600
73344600
78471500
74885800
78871300
74568900
75334300
75421900
74481500
74504200
72309200
70861800
75433900
76497800
77062200
71906500
70850600
73011300
75047500
75615400
75006200
74738100
75633100
89328800
101878600
72001800
72307200
72793300
71330000
75246400
77777000
77698100
78205900
75350100
82302900
83285600
79742800
73569300
83741600
79675900
80331700
76839200
84605200
90043700
89190300
79272300
75466600
81541200
83544400
85272100
97386400
78254400
73112200
71968100
72114900
73568900
78324400
81017200
76383900
74637600
73370700
73058700
73460800
74561900
73883700
73208100
72863600
72748900
73002200
72712500
73308300
72602600
73359200
72913300
72727600
73806300
72825300
72644300
74269300
73058300
73199600
73155800
72601000
72617400
73268900
72839200
72603700
72729500
72892900
86051000
86087100
83589300
86595000
72874800
72800000
72743800
72774000
73621700
75573200
75310800
74974400
75123400
84527600
80116000
77791200
78653000
82048800
89660000
90989800
86359800
77627400
74571700
74588200
76861500
78135400
75279500
74910900
74509700
74445900
74302900
74765200
74352400
73741100
76990500
74578600
74860200
73839800
74558500
73931100
75288300
73964400
73904600
74223400
74508600
74132000
74041100
90194300
98188600
78315900
77800300
76004000
76681800
75619600
74762000
74051700
75127500
74524800
74922300
75551600
75250900
78011200
81817000
74240400
76318400
77103200
75036200
74290500
74227900
74154200
82671300
74593400
75293100
74988200
74554600
74682300
79849300
80478600
84809300
83458100
77000800
75411200
74706000
74685000
74557800
75036100
87591900
82357100
75616300
74870100
74731700
74774900
75096700
74862900
75414800
74986000
75385800
76174700
75512500
77480400
75768400
77084000
75158200
75010800
75065900
75423500
75115100
77681600
75409700
79075300
75747100
75430800
77242500
79374100
77222700
75425500
78271200
82117600
85903200
133191200
80478300
76973100
76689100
76281200
81553900
82647400
82979200
77457100
76996300
77349000
76406400
75668100
76275400
86891800
91994700
92759200
88275300
76930700
76273900
76228700
77195500
75892600
78005000
77014800
76006300
76177400
76889100
76893400
76459400
76277100
76947500
76292400
76244900
77241700
76253800
76384200
77141200
76300200
76285400
76277200
76662000
93957400
80085200
77636900
76862300
79974300
79637700
79727800
80275700
77843200
78487800
78465300
76638700
77698000
80087400
87285200
78962200
77141800
80923300
85223400
84454800
81221000
77825300
77429600
78071300
79681100
80465500
80272800
81118200
77915500
81574600
90037300
104127000
79492000
77766500
80587900
90328600
92086000
88544700
86787200
86275200
86134700
86042100
85735200
92352800
87211500
83185100
81678700
82376000
81564900
81922900
82017900
92001200
94991300
88018100
86059000
86173300
84029400
77944000
77765400
77796900
78072300
81291900
77791500
77974800
79104700
83813500
83592800
83961400
83954400
79849300
78846600
83629400
86020200
84006300
79534000
83244000
86974600
83952300
84484700
81743700
78444700
79488800
96666300
93733800
90609200
78486000
79100800
79213000
78783000
83771700
83969900
84667100
82832700
82632500
85128700
87484700
84547900
83505400
83617900
82933000
84402100
84201100
85361200
83492500
83079400
79518400
78943700
79513800
81490200
86270500
90919600
83955200
79528400
99334900
81140200
80112800
79491600
79246400
79241600
85938100
86398400
85359100
81070900
80056000
79789200
79731400
91198700
86783400
86791000
85816700
86919900
86597800
83809300
83090600
82855800
92952600
93002500
94595400
84426700
80328500
79905200
81414900
85983600
85856500
86593900
80708700
87564800
86824800
84233800
80069100
85014900
90261600
85639700
85899000
85846700
93843600
97500300
103538400
106524400
100045900
103428800
99556400
85345400
82485500
82072200
89453100
90945800
86482900
85454800
89669700
93370500
103800400
94067000
89636000
90790700
82180000
81439300
80962400
81044200
90423600
87308800
82576900
83582200
84299000
87212200
91096800
94706800
93564300
97292500
85710900
85812500
88999000
81913800
84734100
88150500
88719100
86595200
86938400
81412900
81963700
81944500
82625800
83839100
82989800
85703800
81535300
83014600
81490600
83723700
86721500
88173600
87006600
88811700
87647300
92279400
87160600
85893600
87623400
83082100
81875700
81746000
88203800
87720500
87738900
86274700
89254800
96888300
90251200
88481000
88422000
83001700
81893600
82116800
87778100
90660500
91899200
87813600
87538400
108049000
93319700
102904700
88254100
88441800
88533200
90667400
85064100
82977300
82997400
83430200
83713600
84883700
82979600
82615000
83250200
142303200
86663400
82712300
82744100
82926400
83918400
83559600
85107200
82853700
82628800
82996000
83263200
83115500
82778600
83045000
83054500
84541700
82940300
85300600
83342400
82920900
83437500
83123400
83294600
83264200
83998300
83106400
83622000
84066000
87525500
84835600
84522800
83319300
83202500
90240500
94773000
89034600
95366300
91134600
84782300
84032500
85146700
87986100
84916400
86335000
90266500
90218100
83916100
83715000
84774800
84004700
83676600
83832800
83713000
84769300
84083500
84024100
84567000
84159000
83817700
86201000
85648300
84575300
85172600
86295900
84382800
84247000
84049800
85734600
84353600
84516400
84321100
84180800
84402800
85816700
84358900
87757800
85273600
84768300
84807200
84525600
84752000
84463300
88302900
99227200
113975400
85819500
93177000
98332400
110560800
89413800
87058100
88345000
91413000
92826300
92600300
94621600
90808800
97348700
92458000
86764200
87565100
86467600
88796700
87522900
89046700
86707100
86883300
86345000
87801800
87320900
85861400
86847500
86254100
106479700
122751800
105219200
103406000
107401000
105650400
95233400
86818400
90917600
92964000
94508900
93950800
91778800
90414200
86906300
86355800
91447400
89968900
90458300
90775900
91813200
94657400
86811900
102720000
93463500
97261100
91081900
89614900
92897000
93826100
93327200
92236500
87332100
86768100
89240700
89642100
90106000
89292700
87329300
87291100
89994800
91155300
88913700
86451400
86357300
87180900
87073600
89722000
90911100
88576900
87893400
88284700
87191300
87313200
89029700
91475600
94060100
90680700
90725500
86984100
86864800
89976600
92309500
90963600
91114600
87115400
86959900
87008000
90602000
93679400
98238500
97366100
101886100
100566200
92421300
91698600
88294500
87904900
89380500
87649500
89044200
87541900
92073200
118951500
92912300
89672400
98974400
92604700
91070500
90174600
89220500
95157500
92286300
88377700
88094600
107347700
93554000
90863100
87861700
87811600
87771900
88194500
87874100
90057100
95259700
91419800
88763400
87949400
88099700
88313000
90293100
96031100
152133600
116619700
94107600
94161700
94446800
95237800
104271100
108756400
113635000
94873300
94568100
93119100
90879900
90525300
88596400
89590700
88762000
88850300
89202100
104958500
100795500
96762600
94587100
93397900
93018800
92211800
92282900
91361700
88976600
88967800
89788100
89094500
88981200
89491200
90255900
90487900
92113900
90550300
91008100
90415800
90629100
90855100
89812700
89233400
89197600
89511300
89558200
89359900
90862400
89469200
89716300
89365000
89418900
90161100
93344600
97695100
99589200
98645400
89662200
89570100
92160600
90342300
90083300
91549500
91091000
89840400
89879400
89970100
92089700
90485400
89899500
90747700
89931300
90252400
89995800
90066300
90236400
90115600
90484000
91817900
94999600
95223600
93981800
96068400
122157100
94412100
92444800
90729200
96393600
94144500
95601300
93434200
92091900
91312100
91545800
110385600
97433300
92845000
93804800
94968200
94297400
92207600
94339000
104793400
115234700
90875900
91248500
90824200
92796900
105902300
94902100
91368000
100625400
94414200
91586800
91586800
93741400
96588500
96213800
95191800
94431900
95398600
100660800
96576700
96033600
95972600
104058200
98407900
96227200
92515800
91585900
91459300
94552700
99325300
94155400
94410000
95624100
92547900
92690500
93294800
93818000
92094500
92646900
93067200
94456900
93191100
92815100
94246000
97415800
103978900
97132700
102747300
92341100
93931900
94232600
93114800
94906100
93153500
92468400
92212700
92867200
108171100
102751200
93772300
94472800
94877500
94390700
96260600
96883100
96455400
94859800
94947100
94714000
96601700
96136900
96108200
96919800
97187700
93101500
92844800
96445600
97903100
96358400
93061400
92904300
95180100
95078600
98525400
96188700
94014900
93757400
94586700
95240900
94915700
94561400
105347800
96178000
109164000
119076000
97057900
95730900
95126900
96566100
98261100
94761700
95832800
95720300
94904100
99990200
108773600
95462400
96343100
96480500
108179600
152195500
94916600
94435900
94521300
99999800
101932000
108002600
101832100
106094400
105208600
95838600
94824100
98032400
105200500
98341500
95446500
95864100
97198100
97161700
95966800
96327000
95531000
95149500
116522500
106163800
95939600
105071600
117562400
135016900
107335600
107090200
107115800
97953600
99857000
96579900
95284000
95758900
96699300
95988700
94821900
96334300
99977600
96194400
95557200
97241800
95227300
96796300
96425100
95127900
97904900
121611700
130592100
120682800
100187900
98663800
96782800
97124400
98527400
111613800
205911000
146076200
128482500
129689600
127032600
123221700
123377600
125589400
128879700
135377700
135711100
135104200
152424300
132037000
185047900
125626400
114574900
108469700
105367100
112403100
118221600
118008200
104910300
98697300
96862900
96421800
96545400
95982300
101235200
107388200
119655500
135636600
103046700
100429200
106786700
103109800
96987100
98844300
106337800
105167300
99680600
108289300
99558800
108852300
113567400
99532700
96448900
97556700
96911700
97204600
110186500
125802800
119847200
126099900
110406700
107200800
102588500
100561300
102175800
99491300
109445300
106568900
97078700
97771300
97271300
97968000
98364700
97406500
98705600
106665200
110253700
111329300
106515700
97817900
97942100
98009900
97410900
97251400
99363700
99813800
98404100
97408700
97752000
100055900
104707400
131334900
97525100
97445900
98017700
97928400
100024200
97821900
97902700
98012700
98243400
107207800
106761100
113968000
99302500
98712100
98451300
97927800
99260500
101505600
98546200
98594100
100891800
99109800
99716400
100053200
101285200
100020100
99695700
99169400
99856000
100243900
100521300
100098300
101067100
100377100
99486100
102113400
102137400
99144400
98725300
100145100
99118000
99225200
98925000
103726000
99432300
99892800
100765300
99385300
100119700
106417800
109347700
99412800
103645500
121779100
105176300
115189600
100350000
100304500
100310200
103275500
107274800
103997900
100498300
112261700
100619600
100951000
100295900
99884900
100800200
100991600
100977100
101493900
100422700
101079800
100400600
99842800
101213000
99838300
99672600
99716400
101048600
102181000
101608900
100973700
102094600
107302400
106691700
110183200
106444300
112636800
127011400
117988800
123860300
126685800
128950500
132666100
138426700
120300700
101080200
103681300
109497700
106053500
105731700
108114900
109141700
102467700
100691600
100601300
101530500
104130000
104912200
102061000
102663900
103040300
101149900
103665100
101724100
100961100
101346200
101277600
101109300
108266200
112886700
111327500
108372800
102298200
102128900
104227700
102761300
101630500
102092100
104528200
102797300
102180500
101667700
105865200
102876000
101375100
106468300
113460100
124258900
105583600
104001800
101940400
104382900
106383300
111850600
103042200
101564400
102364500
104216300
114425800
115634700
112698000
113733100
139187200
112222600
111508500
158551600
115170400
102528100
102379700
104780700
102083900
107100800
108534400
102265100
103630700
103300500
104714800
104982000
107105800
106453300
109026400
104706900
102652900
114389300
115833600
105951600
109610700
126663900
144040400
116254200
112233900
112561100
108605000
114179000
110850100
111264900
119389600
131867200
105696500
104880800
104838000
110470400
109039000
105122700
111707200
104177400
103137600
106205600
106186700
103667600
106780700
104835800
105422600
105310300
104763100
104887200
104183000
106092400
104307500
105428700
106069300
106397500
104247500
103509300
103525000
104169700
104849900
109921100
108797400
120186000
104861600
103786800
103789900
104003600
105105100
105067000
104492200
103853100
103866300
106160900
104167800
104156100
103799100
105282900
104338900
105160300
104899000
104295500
104300600
104804400
104278000
104142200
104937800
106245400
105346800
105127300
108553000
105884000
104660200
105395100
107338700
107620800
110242000
104494900
106472200
122736900
115597000
122052900
124379800
121386700
113565800
115751600
104683400
106296600
109275400
116673000
105330900
104988500
105490800
106067200
105985400
105202900
105855200
110598100
107480900
106991200
107995000
105583000
106611500
107751000
106503700
114591300
114715600
106238000
105340500
105651500
108026200
110556900
112308300
114857700
107627600
111725400
120884400
109556400
111705900
115888300
115290500
106781800
106371800
109453100
118309600
118015700
115423600
107902000
106169300
106087900
105944700
108547200
107262100
109949000
108357900
110432400
108216800
107507200
106909100
108520700
107366600
106440900
115253800
114145100
107520100
106729500
107211200
109342600
106548100
107179300
108021400
107211800
107315000
107644100
108172000
109119900
107707300
107681400
107322800
109216800
107977900
110413200
110318800
173023300
117303800
116937900
134442200
111297200
112263600
112439200
113502800
122912900
124410100
117607700
114539900
118530800
123448800
113509300
112395000
108870800
119238600
139411100
112649200
110259100
110537500
109068100
109448300
117909500
113547600
108096200
119485600
108006700
109469300
110535600
110504800
112939300
120898000
109311000
109615500
121071400
119328200
114009000
119134400
128858500
125199200
133281500
124408300
115889500
110073500
118224600
111256900
111128900
132115000
121346600
111940800
111335800
110076100
110812500
110157100
109594400
108634900
109594900
109663500
108992100
113217900
109237300
108673000
108668300
108994100
108742000
108897400
109004300
109361200
109339700
111179600
111129600
110950800
116462900
117557700
118223000
121404500
170039600
125738600
126832000
140872800
113672300
115824200
116717100
114306800
109424900
115887500
110719700
111494400
115277700
112618200
112349500
112044800
111722500
109563800
111722500
110584800
109944900
110019300
109818200
109812300
109748300
110550700
110451500
111007900
112715700
113553700
111765600
113520500
112189300
116456800
110393900
110436900
111878800
110966200
110628200
117199700
112819100
123742700
122963700
223026500
133683100
111833900
123533300
121463200
122313200
114076700
115888400
125654200
129579200
112657500
112931900
112405900
112631800
112803800
113500100
116704000
121837400
114129000
112548300
119883500
114946100
110942600
114533200
122843700
115378000
113024300
111370900
116995400
122282400
115252800
114989100
124759700
120366400
111556800
112527600
115069200
128055600
147590800
120748100
115756700
114156900
118501000
161952900
111958100
111587700
111680100
112682900
112651000
114902100
114090200
113440600
114475700
112194300
111795800
112602000
112819800
114575100
113682600
112145800
112196400
114136100
114011800
113690900
112764500
113981200
114207700
112836500
112405400
112539200
112554700
112462600
112288400
112630800
112694800
118228500
123988900
126244200
115072600
113407900
112926000
112523800
115325700
113783300
113064600
112691500
113301300
121252800
123629200
115222000
114806500
114953200
114533300
118670700
114413100
114870000
114556500
114215600
115368000
114716800
114004500
121633800
126905000
114643600
114141200
115172300
114276800
113874300
117706000
117053600
119214900
123260300
115714700
115156700
116403900
131296500
113986500
116171800
116458300
115426900
118177800
114869000
115590000
114378100
116148200
118481500
116065200
116896000
117297100
115233700
114534700
116279100
116556200
115787300
116261700
117414900
117499100
115271600
114488200
115205900
119182800
116502300
116679100
118173300
118135100
118513900
116801200
116703400
116556400
116244300
115408500
118670100
123650100
130268500
116178300
116790300
117818500
116336400
117532200
116674900
118089600
115186900
116802900
115557200
117388400
115901800
115299400
118261900
117690800
116800200
115309300
115741100
117260000
117000600
122574100
119066300
116421300
116504100
117607100
118162600
116691700
116792700
117294600
116476600
115641700
116109400
116938900
116715100
116085300
120627600
119235000
133925000
120371400
120436400
119759500
124585000
120628900
117972700
117142000
120208600
117833300
117590400
118666500
137675200
122033000
118129900
117680400
117134800
117745200
118788100
117275800
117478800
134041700
117695700
118319400
118493000
118351100
118431500
118082100
117379100
120311200
118660700
119541300
116926900
118085100
117322500
121690200
128378800
137053900
120101300
118594300
118148100
117510200
120401300
117117100
119525200
119528100
121907200
122851000
119444400
118854100
120744400
122302600
234249900
146291000
129274800
125597400
124124100
123451100
127939200
124370900
117879200
120136600
125392700
123041700
120439000
121202500
132462300
124676300
123795500
124701000
133488500
137655500
145577900
135823400
123100700
120087800
119963900
119021100
118455000
118392000
120350900
118693800
118076400
118440600
118377600
118512800
120330400
119826800
119840900
120062100
118409500
121402000
126419300
121380200
124792500
125336500
119123600
123342100
123998000
119489500
126904300
124075000
118900000
120597400
118914700
118896300
118853100
121412600
127431800
128708400
119215100
119293000
119180200
119488600
121307300
139300300
119297200
119492500
119230500
120728300
119885000
119222500
119320300
119878900
144945500
120945300
123751100
123839900
122250900
119415000
123754100
129810600
124144100
119766000
129863600
124921800
122182700
120248700
119731100
119824700
120419100
119850700
119860900
122219900
129282900
135895700
121332200
120482600
120479800
120477500
123868800
122552900
123849300
120396700
122350200
124550100
125449000
124218400
121679700
122052700
121543800
121553800
122101000
126941300
128811200
121781100
122343100
124967100
126725600
127423000
128408000
128226400
125909900
123729100
121170900
120936300
122315300
121310600
121933100
123947500
131501500
137102600
121092800
121241400
121917100
121126900
123219100
121341900
121188800
128468100
126813900
127147200
127022600
121363000
123440200
125144300
123780900
122040100
121786900
121720500
122458900
121689700
121650300
121659700
121685900
122838200
121838000
121695100
121973300
123918300
121915700
121876900
122193400
122153400
122200200
128080900
158182500
175897000
168068400
129675500
128979800
132262800
129381000
124509500
125227100
125135900
132743400
123161000
124300600
124798100
123582900
124532900
125162500
124404300
123910300
127411300
126098000
123363200
123934900
123184800
124259600
124308600
122876200
125770400
125679300
124298300
123211500
123347900
124500300
123959100
123126900
125186100
129204500
138520500
127057900
123295000
127485400
125785100
127616700
124326500
125920200
126044400
125320400
125386500
162001000
127212500
127307400
123585000
123960600
123929400
124552400
124080600
124025300
124170500
124357100
125115300
124149100
125009600
124566100
125423600
126419500
124185600
124630500
124538700
124568500
124730400
125572900
137151600
138939500
133295700
124470700
126329100
127816300
130029600
139997100
130446700
126152500
125431800
125367500
125442700
125409600
126163400
133039000
125012300
126552800
126581300
126596100
126322800
125774400
126285900
125927100
132024000
127861100
125126100
125341000
125927100
127150300
125877300
129598600
141765600
126238900
127714500
137442600
148012300
133594000
131962000
131872300
144210400
135606000
139446700
126288000
130347000
131603800
126301900
189524100
153077300
138426400
135084300
131218300
136366000
137922500
129681800
126944100
128330500
133368700
126758300
126983500
131722900
131491900
131392400
130910100
127720100
129957200
138956500
140332800
149138200
162782300
131814300
126972000
131075500
132027000
126735100
126704400
128166800
130469500
128992100
128252500
129225900
129338300
128387300
126725100
129421900
127173800
126816500
126857800
127122600
131045400
133046900
131821500
133797200
134660400
133484900
134386100
131591400
130379300
132474900
127868300
130166500
133483700
140778900
140984100
170000300
129381700
129643200
131876300
130646500
129600600
130247600
131162000
140463600
142299600
137329900
134491500
131422100
130086600
128840300
128691500
128817300
128209500
128395500
130483000
138701000
128428800
130981100
132277800
130159200
128374800
131070700
131167100
130667600
131048500
141648900
148125500
138045500
139039500
132980700
137439500
131152900
134295900
142399700
129023400
132862300
129830400
129374800
130749200
131316500
131404600
133631300
130593000
129300600
132935600
130560700
130161200
130689000
130022400
129631000
129242600
133840900
132088500
130671600
130675100
131409800
130619000
130049500
129634700
131691900
139902800
147098300
133053500
135035100
132254700
131284000
131432200
130581400
135247000
133072400
131130100
132200600
133966600
131983900
134272200
132417300
138783300
136841100
141916000
138710000
193810400
158021200
141297600
140104000
139541600
136929000
138545800
175137200
145467500
132086700
133679100
132388100
137228000
150736200
132883400
131494200
131387100
140167700
134790300
136099700
133951600
134285900
135062200
131658300
208566000
158586600
135129900
135766800
140493600
143870600
141348500
136012900
132052500
131961500
131677800
134811700
134481300
138534900
133313600
133324500
141369000
138924000
138820700
140213500
143537600
151966200
137711600
153531500
137806800
138829600
131840100
132663800
133404500
134442300
138184000
151670700
133573400
136224600
136633100
141553500
142349200
142596600
142793700
142701600
139732900
162078200
159378500
150039600
147868400
137975700
145197600
136159200
140330300
140921600
141364900
146260300
154032900
160502300
137055900
151370600
138206800
146474500
138950300
134829300
140795200
143014100
139136600
136479700
143967100
136905900
136199200
134690700
145554800
140740900
138650200
151742900
133309800
133074800
133440600
138520200
142489300
138841700
138790300
134791000
133348500
133276100
133843300
136058000
145026000
152607000
134751100
133631900
134188100
135605400
136842800
134855100
134196400
135304500
134510200
133797800
133824600
134360100
134245100
133745000
133877100
134640300
134760000
134318000
134087600
171564400
136638500
134216100
136349900
134778900
134966900
134911400
135104200
134608500
143762800
138949700
143458100
153250000
145315000
136901200
135606800
143321200
135943400
136715900
136843500
135296700
157270100
138150800
136142800
136387100
135275400
134874800
135657400
135941700
146798900
136745700
136848200
137641300
136325700
137786300
136104600
135559100
137269900
136901900
135664100
136761200
136856300
137256200
137718000
147594300
155281800
138380800
137013400
138040200
140349900
137100100
135748400
138756700
137776800
140734700
137418700
136011700
140672200
140022400
137287000
137091800
137440700
138675100
138581100
137413200
137037900
137344200
137762400
136541000
136412400
138422300
137840700
137815700
138120300
138202200
137358700
150139100
153311200
138491500
138364300
140363800
139207900
147436100
138507800
141373300
137308600
138746900
139575100
138157100
136945500
137345200
140021400
138248100
140272500
138519300
139593200
139261200
137619500
140469000
137278000
138751300
138468100
140036400
137399400
138554100
140238100
137980600
147395600
155326400
163748200
140712400
145636000
144439500
144187000
166198500
140578300
155517200
143127100
140229900
139188500
138032000
137946300
150009800
282086900
140072200
138383600
142039500
141298900
141228400
140152700
139108000
150358700
138659800
138986200
139945800
141453100
138467600
138698900
145553400
151689500
138843800
139061900
138869300
140245000
140914500
141378100
141926000
139700800
138619800
140982400
141188800
140636400
142533300
141319400
140187700
140981100
140589700
143270900
149027100
147116300
163799500
163005800
141996900
142789000
141061800
139878000
141997400
139135800
139967600
146739500
153365300
139838000
139823000
139965400
141404900
144143300
147266900
146265900
141910800
140401500
170785200
148201300
157877900
145561600
144333200
140196400
141571100
142344000
141634800
142655300
144875100
142948200
144082300
143831000
142313700
142065000
141832700
141500300
142261300
143771200
157877400
158917300
140520200
143271800
145010900
144159400
141967700
141069800
141745900
141241400
142453800
142183000
142383000
141802900
141243900
141440400
142646700
141834700
145617400
142493900
143838800
141946200
145919200
144613100
142458300
166449400
141779300
142174800
152186700
144395200
182531600
153203700
163701200
143505800
144654200
144347700
145149200
141882600
144627100
143492300
145065000
145644200
146017200
141861700
144540200
142719200
142308600
142658500
145706500
144806500
144458900
143590800
142735200
143070400
143776200
144178100
143650200
143825300
142200300
149114100
142998800
149733900
153629400
150338800
143967800
145563400
146419100
146262700
149293300
145923000
144130200
142603100
142930600
143815900
142749700
145907500
143553800
143539200
144900200
143691400
144716000
143144400
143887400
145952500
143530800
143798800
143758000
148354500
144394700
144250900
145532100
145674600
153884900
163350700
146059900
144180000
144031800
152735500
152477000
143745600
144569000
144762300
145468200
144229700
143761600
145670500
144336400
144030800
145340900
144720900
145300600
144290300
146801000
144341200
146571100
144616100
145024800
145011700
147183700
145617800
147165500
150094300
153673200
163764400
160828400
144789300
145074200
172463800
156520600
145634000
145770400
145670800
145477200
145138500
148647600
156228100
148461000
147018900
149257700
146482200
146543400
146229300
146942000
148547800
146558400
146123500
146331700
147486800
149681000
145233400
148294900
147514200
148334500
156641600
158220100
146143300
147907100
147396300
148820000
146049700
147186200
149379800
148529700
150384600
149096100
146261500
160466500
146047100
154003000
147391600
147791000
147708900
150292500
146036600
145790600
147471600
146696800
151716400
148387600
146956100
150084500
146603900
152629800
155044200
156418600
146362800
149114900
150346800
149108500
146478200
148681700
150448000
148113100
147167600
147368300
149935400
146876300
151467800
147002300
148133100
147398000
147619000
147352400
148527200
149139900
149688500
147393700
150107500
151077400
148474800
147291900
148793000
148971500
165588600
150332300
148456000
151245700
159003700
150851800
150001200
148583700
160016800
148357300
152166700
152833300
148882500
148202000
148788900
170359100
179336800
158276900
154066700
149902300
148868400
152755400
150751700
162457900
148814300
150079600
148418300
148392200
150266600
161746100
152153600
148734600
149373600
149420200
148724400
150516200
148783000
149936700
148986900
149063200
148610000
150860000
150061300
148784800
148690300
149865000
149246100
148977600
148868200
151490000
151048900
149956600
149555400
150092700
149436600
149627100
151403000
152215200
161896500
161602100
149852500
150463900
149684100
153862100
150809100
150422000
150102100
150044100
150067800
150677100
151089600
149978100
149935200
150424500
154220900
149837300
149945500
151779900
152727300
150483000
150202300
151108900
156828300
154428500
151612600
152176800
150253700
154815600
169474300
151535300
151340800
151478300
151029900
151390400
150618000
153265000
153549200
152357300
153275600
152771500
151583800
150811700
151188600
151770400
152033000
151096300
151347500
151959900
152756900
152515200
151538600
153165500
153136800
156044800
154326800
153154100
155319500
166559700
179254000
177123400
153858700
157405100
152703300
153947800
158114500
154516500
164349200
152588400
151763900
156281600
151827700
154793400
152787600
153847100
152339900
152652600
157402300
152670700
153427400
154721100
152619600
152922900
154554700
155225300
153988600
162603600
169285100
154294700
153615300
156850600
156482700
154836600
154092500
154065800
154894300
155521100
153252000
155682700
157832900
153798100
192292100
154226600
153491800
152999900
154297200
153039700
153233400
156344600
156680200
155028600
154297500
153759400
153728000
157330600
169997500
162156900
153791800
153701700
155404500
154631600
154813700
159992000
164155600
204952300
156729800
166917700
162417900
155114300
155823600
165204700
157071700
154930500
155651000
154931500
157325200
158503500
156183900
155077300
157346400
156817500
154662600
158098100
173495700
159294200
154823900
155527900
158598100
154545400
156130400
155227000
154577800
155375400
191504600
154234100
155579700
158990500
187225600
156002500
156200300
155025300
154924100
177094200
155407000
155488000
155245000
155880800
154949100
155893800
166684600
176232700
179010400
157671600
156662900
156163800
158645900
156123600
157578200
158093000
158529300
157998500
160106100
157453200
157926500
160131100
163163600
160839700
164979300
171640000
158223600
159899600
156486900
157566200
160128300
156599300
160902100
157984600
157197300
162666300
173962000
159357900
157556800
157472400
159063300
156936300
156319700
161104500
157526300
156696800
156664900
156955300
157148500
157127400
158684600
157992100
159402900
159365000
158711300
158752100
159228300
157069100
157782600
158792800
158269000
157568900
159288500
165128000
176421300
159232700
159113900
158458800
157951900
159921900
158978300
160924200
157841800
157709500
158127900
158671700
160156700
158860700
158057700
158072000
159223800
158352600
159809700
159824300
160119600
159770600
159955000
158772000
171548600
167386400
161713100
168869800
177898600
161674800
159822100
161793400
163380600
160589200
163150100
160328500
161659200
188489300
161760800
160785300
160950000
159631100
159848000
162653200
166931100
162456100
160510600
159427200
161471300
159092600
162151400
160876400
161256200
160815300
167779900
176167000
183813500
162149100
159631000
162029700
161852900
161629000
180637900
171259900
166513700
161883800
176957200
167764900
168911600
167889000
180202300
210191400
171423000
226844600
171139900
181675100
174600200
169502700
174075400
161268300
163621100
183179400
160996600
172767800
171296500
172223700
168463900
174775700
165157000
171801400
173840000
168351300
169593600
167156000
164772800
161011700
161723700
166205000
161539100
161013700
164069400
160813900
161059000
160836800
167612100
161018400
279688900
243700800
205380100
204923800
214468500
199790500
181248800
184284800
176375000
176060800
168722100
170298300
174097000
166980000
169797300
170154900
166255400
169418500
163725400
164815800
163627500
164558100
162695300
173305100
175300100
308548300
206903400
177023900
173528300
172425700
183606000
180292700
166730700
192781600
183819300
162174700
162875000
169353800
162149600
165080800
173787300
169197000
165641500
164278500
162776500
163057800
164451500
165501700
164865400
172597400
168135100
169569700
168160600
168441800
166956300
166334600
163303200
162942300
169004000
171565700
168405500
164697400
162582600
164730200
164671200
163929800
165092300
164242900
172383200
167077000
167470300
163263700
163075700
163051800
172671100
198947900
169161100
173677700
183023600
168411700
177985100
169862500
168728400
166034800
166616300
173002300
178266600
178415300
179049100
176137600
164140800
174018800
166642700
164074100
164744600
168389700
169693600
170917300
167280800
168304400
174907900
171543500
171436000
167728200
168037000
167948400
164999700
167783200
193256900
169603400
168771100
188062400
187285600
168600300
168696500
172880200
164931000
164612600
169801500
177499400
167359600
165340500
172695600
174242700
168716700
174601100
168579800
169612400
171142400
177660300
174359800
169164600
174118300
180038200
169262100
171638900
184260600
181033700
194847000
181512000
178132500
203006700
187980400
177378000
175078800
255374900
325421200
252045600
209973700
204202300
196605400
222844600
208508200
203392300
196774400
193526400
179951800
166818500
166751100
169989600
199962800
175930000
166625200
170730000
167870000
166876200
172681000
173601600
168182100
175501000
200873300
167378500
174923000
171175400
179848800
170442500
179720300
169648500
174532300
173819900
170045000
169261200
170015600
170206000
169869100
186779500
184981300
172081900
172620400
172849000
168727400
167657800
168876300
173224300
167548500
167480600
168264200
167348200
167694300
222226100
246299700
211663900
251233900
212818400
214561900
242612200
254344100
231862500
219315400
256122600
220756400
231911000
230962900
225087700
232051500
248703000
235101300
215034500
216609400
242040400
240127300
224519000
225484600
237970200
234792500
265760900
240832500
231612700
237799500
220229100
216032400
231291000
232160300
230901500
240158900
267049600
250165000
220053000
223992100
197882000
238760400
263699900
223825300
236851200
215524500
260762000
241128400
209916700
233607000
263102000
256926600
243014600
262234800
212252200
255934800
246657600
258976000
236255700
275756500
227548700
279255600
266368300
243652500
230188200
233612000
216672900
232528100
212906900
260992400
232233400
210953700
212424800
241312300
236951400
236894200
229377100
210737700
229786400
231354300
235622500
215479300
241793400
249497600
231768700
239608500
204183900
230525600
251968500
238705200
235478100
224198000
229489200
227055300
215496300
214483400
249808200
286881400
229518100
208538700
277412700
268547000
225366400
258254200
218120100
243159000
251802800
267205800
237519700
218846500
209990500
220555600
223986400
242516800
203044900
225648000
221320700
229116500
235870300
272733200
214098700
245273800
246570300
224591800
207615500
220089400
242201000
233624200
244114800
224813400
244346200
227396900
242524600
236535000
263242700
216163500
232272300
221527600
234614600
227890200
250344100
231557200
241983500
218078200
221337000
264149200
275369100
233118800
262153000
234267900
226341900
237783200
239908700
232524600
253531200
241970900
236247000
232133300
217474700
231786900
222263800
200578000
215440600
228166700
230492900
246934700
221236000
221569300
236196700
249887200
240611600
249919800
233990600
214340300
248158100
224287700
249007300
208024900
249927500
277355200
211280300
250480500
268436000
268195300
232214500
243037800
236711700
257772600
277459300
280859600
259873800
227653800
243165700
266774100
257687400
249653700
256001300
264654900
202787300
208503300
291013800
259430600
247283200
283250400
273970400
203148600
249838800
237214100
236656600
250781600
238190900
224971000
259328600
226736100
209259100
244804700
246088000
246115400
248204300
216222300
236367200
283426900
249993100
242120300
265592100
291530200
251911200
269717900
253897700
275269000
264798800
247565200
251947300
219011300
241298900
253805000
257695200
227650300
248322700
238671200
251735400
245947100
231856600
215918900
253744100
266410400
255189800
239168700
233181500
240014000
253387100
256464900
273336500
223634700
226381500
210834100
226801100
282409700
259660000
265010900
263376000
265075800
280561300
233931600
222774600
249405900
234541900
251775700
266265800
259879800
264978000
247164300
251485200
234973000
243670500
264824400
271600100
260476600
237554100
234114700
262087800
283749300
267256100
243580000
302460400
221315000
216093600
242573000
250238200
268273700
237862600
266575100
263191400
242395900
242441300
207626500
276399200
238018100
245201000
213080900
281524500
232583100
282123600
257342100
299901400
265063400
225389600
268821700
312739500
281061600
270484000
269928000
254976400
265374600
249042900
222882600
276749800
238219800
301255900
249005700
239932100
272902000
261593400
271560600
279865200
229639900
229461700
234112100
275103100
276222500
275614000
269846700
237345400
255766500
228274700
231523000
250941300
258420600
242062300
274418600
181847300
182609100
180022600
182491300
179969900
183337800
201536800
184061100
182325700
190067500
195797400
180580400
190435800
181754500
192318300
181801700
180174200
180269500
181460900
180442200
180223800
180599200
181375100
180399100
180566600
181556500
181343100
180393300
181219100
193084800
187962200
193007500
193512500
192610800
318546300
191417700
188752300
183752600
220563000
181685700
189348400
190228700
186247100
181167500
182091400
182115900
189873100
186298400
183120700
186275700
190856500
184161800
183706200
184039100
186593600
182905400
182171400
188224700
208706800
182304800
182419400
184412700
181833900
181662900
182047500
215137300
259425600
262459000
254979700
267758200
305429800
234654500
258673100
256052800
261418200
264843400
261647000
233494300
262212800
239563300
275889000
271741800
244077500
265673500
256477000
244400900
245768600
294246400
242773900
244309300
254664700
214684700
271444400
279051200
234679600
277627500
248127400
255267100
265518000
269955000
279210600
278160700
224827400
